"============================================================================================================"
"pascalTriangleToRowAt 5"
0
1 1
1 2 1
1 3 3 1
1 4 6 4 1
1 5 10 10 5 1
"============================================================================================================"
"pascalEntryTriangleToEntryRowAt 5"
((0,0),0)
((1,0),1) ((0,1),1)
((2,0),1) ((1,1),2) ((0,2),1)
((3,0),1) ((2,1),3) ((1,2),3) ((0,3),1)
((4,0),1) ((3,1),4) ((2,2),6) ((1,3),4) ((0,4),1)
((5,0),1) ((4,1),5) ((3,2),10) ((2,3),10) ((1,4),5) ((0,5),1)
"============================================================================================================"
"solution 100 60.0"
((59,41),(6114634921008473035429070497 % 100582201066849840253175876,60.7924151206883))
"============================================================================================================"
"puzzleEntryRowAt 100"
((100,0),100 % 1)
((99,1),9901 % 100)
((98,2),485201 % 4950)
((97,3),15689951 % 161700)
((96,4),376604351 % 3921225)
((95,5),894550297 % 9410940)
((94,6),14016537637 % 149006550)
((93,7),186246822787 % 2000945100)
((92,8),4284341316074 % 46521973575)
((91,9),43326615361849 % 475557952100)
((90,10),390008362442749 % 4327577364110)
((89,11),1052039043452353 % 11802483720300)
((88,12),7716508184181753 % 87535087592225)
((87,13),25826194343601189 % 296272604158300)
((86,14),158683294979730289 % 1841122611555150)
((85,15),899428292362085639 % 10555769639582860)
((84,16),18893023377203906696 % 224310104841135775)
((83,17),30756272361451420757 % 369451937385400100)
((82,18),1261395864385154053313 % 15332255401494104150)
((81,19),5379316880902228446863 % 66170786469606133700)
((80,20),21524988779486125069663 % 267991685201904841485)
((79,21),20251595346372465388387 % 255230176382766515700)
((78,22),71831293718998825788487 % 916508360647207033650)
((77,23),240588376646864990462737 % 3108158788281832548900)
((76,24),1524482053226998439839574 % 19944018891475092188775)
((75,25),4575916943622687544722149 % 60629817430084280253876)
((74,26),521257782362577655943585 % 6995748165009724644678)
((73,27),1410236002886591183939519 % 19173532007804430507636)
((72,28),3628887563789675285537399 % 49988137020347265252051)
((71,29),4445715890914151449915453 % 62054239059741432726684)
((70,30),51911190471480409237174445 % 734308495540273620599094)
((69,31),115653905358540935464018379 % 1658115957671585594901180)
((68,32),1968186180243754822904989252 % 28602500269834851512045355)
((67,33),4000697184266867756109424327 % 58938485404508178873305580)
((66,34),7776227219885068155699411187 % 116143485944177881897396290)
((65,35),14462773624957023356363797597 % 219013430637592577292233004)
((64,36),25754132715606240674541143581 % 395440916428986597888754035)
((63,37),2745857954937731601295258321 % 42750369343674226798784220)
((62,38),4489623020271811904929877821 % 70875612332933586534826470)
((61,39),7039327740864268876939148011 % 112674050375432881157929260)
((60,40),21177120655380809266827839402 % 343655853645070287531684243)
((59,41),6114634921008473035429070497 % 100582201066849840253175876)
((58,42),8475921831768328808991723205 % 141294044355812870831842302)
((57,43),11285373178843212635996959675 % 190582664479933639726671012)
((56,44),14438649991147569220565516419 % 246891178985368578736823811)
((55,45),44394911827099366947845924695 % 768105890176702244959007412)
((54,46),52510117536357568927195437787 % 918387477385187466798813210)
((53,47),59759516559972559356607346317 % 1055168591038300493768849220)
((52,48),261900052379053414791421118368 % 4660327943752493847479084055)
((51,49),276451688611586711907019074703 % 4945654144390401634059436140)
((50,50),1406986713779885567705392554215 % 25222836136391048333703124314)
((49,51),276451688611586711907019074703 % 4945654144390401634059436140)
((48,52),261900052379053414791421118368 % 4660327943752493847479084055)
((47,53),59759516559972559356607346317 % 1055168591038300493768849220)
((46,54),52510117536357568927195437787 % 918387477385187466798813210)
((45,55),44394911827099366947845924695 % 768105890176702244959007412)
((44,56),14438649991147569220565516419 % 246891178985368578736823811)
((43,57),11285373178843212635996959675 % 190582664479933639726671012)
((42,58),8475921831768328808991723205 % 141294044355812870831842302)
((41,59),6114634921008473035429070497 % 100582201066849840253175876)
((40,60),21177120655380809266827839402 % 343655853645070287531684243)
((39,61),7039327740864268876939148011 % 112674050375432881157929260)
((38,62),4489623020271811904929877821 % 70875612332933586534826470)
((37,63),2745857954937731601295258321 % 42750369343674226798784220)
((36,64),25754132715606240674541143581 % 395440916428986597888754035)
((35,65),14462773624957023356363797597 % 219013430637592577292233004)
((34,66),7776227219885068155699411187 % 116143485944177881897396290)
((33,67),4000697184266867756109424327 % 58938485404508178873305580)
((32,68),1968186180243754822904989252 % 28602500269834851512045355)
((31,69),115653905358540935464018379 % 1658115957671585594901180)
((30,70),51911190471480409237174445 % 734308495540273620599094)
((29,71),4445715890914151449915453 % 62054239059741432726684)
((28,72),3628887563789675285537399 % 49988137020347265252051)
((27,73),1410236002886591183939519 % 19173532007804430507636)
((26,74),521257782362577655943585 % 6995748165009724644678)
((25,75),4575916943622687544722149 % 60629817430084280253876)
((24,76),1524482053226998439839574 % 19944018891475092188775)
((23,77),240588376646864990462737 % 3108158788281832548900)
((22,78),71831293718998825788487 % 916508360647207033650)
((21,79),20251595346372465388387 % 255230176382766515700)
((20,80),21524988779486125069663 % 267991685201904841485)
((19,81),5379316880902228446863 % 66170786469606133700)
((18,82),1261395864385154053313 % 15332255401494104150)
((17,83),30756272361451420757 % 369451937385400100)
((16,84),18893023377203906696 % 224310104841135775)
((15,85),899428292362085639 % 10555769639582860)
((14,86),158683294979730289 % 1841122611555150)
((13,87),25826194343601189 % 296272604158300)
((12,88),7716508184181753 % 87535087592225)
((11,89),1052039043452353 % 11802483720300)
((10,90),390008362442749 % 4327577364110)
((9,91),43326615361849 % 475557952100)
((8,92),4284341316074 % 46521973575)
((7,93),186246822787 % 2000945100)
((6,94),14016537637 % 149006550)
((5,95),894550297 % 9410940)
((4,96),376604351 % 3921225)
((3,97),15689951 % 161700)
((2,98),485201 % 4950)
((1,99),9901 % 100)
((0,100),100 % 1)
"============================================================================================================"
"puzzleEntryTriangleToEntryRowAt 5"
((0,0),(0 % 1,0.0))
((1,0),(1 % 1,1.0)) ((0,1),(1 % 1,1.0))
((2,0),(2 % 1,2.0)) ((1,1),(3 % 2,1.5)) ((0,2),(2 % 1,2.0))
((3,0),(3 % 1,3.0)) ((2,1),(7 % 3,2.3333333333333335)) ((1,2),(7 % 3,2.3333333333333335)) ((0,3),(3 % 1,3.0))
((4,0),(4 % 1,4.0)) ((3,1),(13 % 4,3.25)) ((2,2),(17 % 6,2.8333333333333335)) ((1,3),(13 % 4,3.25)) ((0,4),(4 % 1,4.0))
((5,0),(5 % 1,5.0)) ((4,1),(21 % 5,4.2)) ((3,2),(18 % 5,3.6)) ((2,3),(18 % 5,3.6)) ((1,4),(21 % 5,4.2)) ((0,5),(5 % 1,5.0))
"============================================================================================================"
"fibonacciRowToValueAt 10"
0 1 1 2 3 5 8 13 21 34 55
"============================================================================================================"
