for polygons with 3 vertices with 3 values in [1..16] on their sides
the polygon puzzle solutions are 
[1,6,4]
[4,2,3]
[3,8,1]

[1,6,4]
[4,3,2]
[2,12,1]

[1,6,5]
[5,2,3]
[3,10,1]

[1,6,5]
[5,3,2]
[2,15,1]

[1,6,7]
[7,2,3]
[3,14,1]

[1,6,8]
[8,2,3]
[3,16,1]

[1,8,3]
[3,2,4]
[4,6,1]

[1,8,3]
[3,4,2]
[2,12,1]

[1,8,5]
[5,2,4]
[4,10,1]

[1,8,6]
[6,2,4]
[4,12,1]

[1,8,7]
[7,2,4]
[4,14,1]

[1,10,3]
[3,2,5]
[5,6,1]

[1,10,3]
[3,5,2]
[2,15,1]

[1,10,4]
[4,2,5]
[5,8,1]

[1,10,6]
[6,2,5]
[5,12,1]

[1,10,7]
[7,2,5]
[5,14,1]

[1,10,8]
[8,2,5]
[5,16,1]

[1,12,2]
[2,3,4]
[4,6,1]

[1,12,2]
[2,4,3]
[3,8,1]

[1,12,4]
[4,2,6]
[6,8,1]

[1,12,5]
[5,2,6]
[6,10,1]

[1,12,5]
[5,3,4]
[4,15,1]

[1,12,7]
[7,2,6]
[6,14,1]

[1,12,8]
[8,2,6]
[6,16,1]

[1,14,3]
[3,2,7]
[7,6,1]

[1,14,4]
[4,2,7]
[7,8,1]

[1,14,5]
[5,2,7]
[7,10,1]

[1,14,6]
[6,2,7]
[7,12,1]

[1,14,8]
[8,2,7]
[7,16,1]

[1,15,2]
[2,3,5]
[5,6,1]

[1,15,2]
[2,5,3]
[3,10,1]

[1,15,4]
[4,3,5]
[5,12,1]

[1,16,3]
[3,2,8]
[8,6,1]

[1,16,5]
[5,2,8]
[8,10,1]

[1,16,6]
[6,2,8]
[8,12,1]

[1,16,7]
[7,2,8]
[8,14,1]

[2,3,4]
[4,6,1]
[1,12,2]

[2,3,5]
[5,6,1]
[1,15,2]

[2,3,8]
[8,1,6]
[6,4,2]

[2,3,10]
[10,1,6]
[6,5,2]

[2,3,14]
[14,1,6]
[6,7,2]

[2,3,16]
[16,1,6]
[6,8,2]

[2,4,3]
[3,8,1]
[1,12,2]

[2,4,6]
[6,1,8]
[8,3,2]

[2,4,10]
[10,1,8]
[8,5,2]

[2,4,12]
[12,1,8]
[8,6,2]

[2,4,14]
[14,1,8]
[8,7,2]

[2,5,3]
[3,10,1]
[1,15,2]

[2,5,6]
[6,1,10]
[10,3,2]

[2,5,8]
[8,1,10]
[10,4,2]

[2,5,12]
[12,1,10]
[10,6,2]

[2,5,14]
[14,1,10]
[10,7,2]

[2,5,16]
[16,1,10]
[10,8,2]

[2,6,5]
[5,4,3]
[3,10,2]

[2,6,7]
[7,4,3]
[3,14,2]

[2,6,8]
[8,1,12]
[12,4,2]

[2,6,8]
[8,3,4]
[4,12,2]

[2,6,8]
[8,4,3]
[3,16,2]

[2,6,10]
[10,1,12]
[12,5,2]

[2,6,10]
[10,3,4]
[4,15,2]

[2,6,14]
[14,1,12]
[12,7,2]

[2,6,16]
[16,1,12]
[12,8,2]

[2,7,6]
[6,1,14]
[14,3,2]

[2,7,8]
[8,1,14]
[14,4,2]

[2,7,10]
[10,1,14]
[14,5,2]

[2,7,12]
[12,1,14]
[14,6,2]

[2,7,16]
[16,1,14]
[14,8,2]

[2,8,6]
[6,1,16]
[16,3,2]

[2,8,10]
[10,1,16]
[16,5,2]

[2,8,12]
[12,1,16]
[16,6,2]

[2,8,14]
[14,1,16]
[16,7,2]

[2,9,4]
[4,6,3]
[3,12,2]

[2,9,5]
[5,6,3]
[3,15,2]

[2,9,8]
[8,3,6]
[6,12,2]

[2,9,10]
[10,3,6]
[6,15,2]

[2,10,3]
[3,4,5]
[5,6,2]

[2,10,6]
[6,4,5]
[5,12,2]

[2,10,6]
[6,5,4]
[4,15,2]

[2,10,7]
[7,4,5]
[5,14,2]

[2,10,8]
[8,4,5]
[5,16,2]

[2,12,1]
[1,6,4]
[4,3,2]

[2,12,1]
[1,8,3]
[3,4,2]

[2,12,3]
[3,6,4]
[4,9,2]

[2,12,4]
[4,3,8]
[8,6,2]

[2,12,4]
[4,8,3]
[3,16,2]

[2,12,5]
[5,4,6]
[6,10,2]

[2,12,5]
[5,6,4]
[4,15,2]

[2,12,6]
[6,3,8]
[8,9,2]

[2,12,7]
[7,4,6]
[6,14,2]

[2,12,8]
[8,4,6]
[6,16,2]

[2,12,10]
[10,3,8]
[8,15,2]

[2,14,3]
[3,4,7]
[7,6,2]

[2,14,5]
[5,4,7]
[7,10,2]

[2,14,6]
[6,4,7]
[7,12,2]

[2,14,8]
[8,4,7]
[7,16,2]

[2,15,1]
[1,6,5]
[5,3,2]

[2,15,1]
[1,10,3]
[3,5,2]

[2,15,3]
[3,6,5]
[5,9,2]

[2,15,4]
[4,3,10]
[10,6,2]

[2,15,4]
[4,5,6]
[6,10,2]

[2,15,4]
[4,6,5]
[5,12,2]

[2,15,6]
[6,3,10]
[10,9,2]

[2,15,8]
[8,3,10]
[10,12,2]

[2,16,3]
[3,4,8]
[8,6,2]

[2,16,3]
[3,8,4]
[4,12,2]

[2,16,5]
[5,4,8]
[8,10,2]

[2,16,6]
[6,4,8]
[8,12,2]

[2,16,7]
[7,4,8]
[8,14,2]

[3,2,4]
[4,6,1]
[1,8,3]

[3,2,5]
[5,6,1]
[1,10,3]

[3,2,7]
[7,6,1]
[1,14,3]

[3,2,8]
[8,6,1]
[1,16,3]

[3,2,12]
[12,1,6]
[6,4,3]

[3,2,15]
[15,1,6]
[6,5,3]

[3,4,2]
[2,12,1]
[1,8,3]

[3,4,5]
[5,6,2]
[2,10,3]

[3,4,6]
[6,1,12]
[12,2,3]

[3,4,7]
[7,6,2]
[2,14,3]

[3,4,8]
[8,6,2]
[2,16,3]

[3,4,12]
[12,2,6]
[6,8,3]

[3,4,15]
[15,1,12]
[12,5,3]

[3,4,15]
[15,2,6]
[6,10,3]

[3,5,2]
[2,15,1]
[1,10,3]

[3,5,6]
[6,1,15]
[15,2,3]

[3,5,12]
[12,1,15]
[15,4,3]

[3,6,4]
[4,9,2]
[2,12,3]

[3,6,5]
[5,9,2]
[2,15,3]

[3,6,12]
[12,2,9]
[9,8,3]

[3,6,15]
[15,2,9]
[9,10,3]

[3,8,1]
[1,6,4]
[4,2,3]

[3,8,1]
[1,12,2]
[2,4,3]

[3,8,4]
[4,12,2]
[2,16,3]

[3,8,5]
[5,6,4]
[4,10,3]

[3,8,6]
[6,2,12]
[12,4,3]

[3,8,7]
[7,6,4]
[4,14,3]

[3,8,9]
[9,2,12]
[12,6,3]

[3,8,9]
[9,4,6]
[6,12,3]

[3,8,12]
[12,4,6]
[6,16,3]

[3,8,15]
[15,2,12]
[12,10,3]

[3,10,1]
[1,6,5]
[5,2,3]

[3,10,1]
[1,15,2]
[2,5,3]

[3,10,2]
[2,6,5]
[5,4,3]

[3,10,4]
[4,6,5]
[5,8,3]

[3,10,6]
[6,2,15]
[15,4,3]

[3,10,7]
[7,6,5]
[5,14,3]

[3,10,8]
[8,6,5]
[5,16,3]

[3,10,9]
[9,2,15]
[15,6,3]

[3,10,9]
[9,5,6]
[6,15,3]

[3,10,12]
[12,2,15]
[15,8,3]

[3,12,2]
[2,9,4]
[4,6,3]

[3,12,5]
[5,9,4]
[4,15,3]

[3,12,6]
[6,4,9]
[9,8,3]

[3,14,1]
[1,6,7]
[7,2,3]

[3,14,2]
[2,6,7]
[7,4,3]

[3,14,4]
[4,6,7]
[7,8,3]

[3,14,5]
[5,6,7]
[7,10,3]

[3,14,8]
[8,6,7]
[7,16,3]

[3,15,2]
[2,9,5]
[5,6,3]

[3,15,4]
[4,9,5]
[5,12,3]

[3,15,6]
[6,5,9]
[9,10,3]

[3,16,1]
[1,6,8]
[8,2,3]

[3,16,2]
[2,6,8]
[8,4,3]

[3,16,2]
[2,12,4]
[4,8,3]

[3,16,5]
[5,6,8]
[8,10,3]

[3,16,6]
[6,4,12]
[12,8,3]

[3,16,7]
[7,6,8]
[8,14,3]

[4,2,3]
[3,8,1]
[1,6,4]

[4,2,5]
[5,8,1]
[1,10,4]

[4,2,6]
[6,8,1]
[1,12,4]

[4,2,7]
[7,8,1]
[1,14,4]

[4,2,12]
[12,1,8]
[8,3,4]

[4,3,2]
[2,12,1]
[1,6,4]

[4,3,5]
[5,12,1]
[1,15,4]

[4,3,8]
[8,1,12]
[12,2,4]

[4,3,8]
[8,6,2]
[2,12,4]

[4,3,10]
[10,2,6]
[6,5,4]

[4,3,10]
[10,6,2]
[2,15,4]

[4,3,14]
[14,2,6]
[6,7,4]

[4,3,16]
[16,2,6]
[6,8,4]

[4,5,6]
[6,2,10]
[10,3,4]

[4,5,6]
[6,10,2]
[2,15,4]

[4,5,12]
[12,2,10]
[10,6,4]

[4,5,14]
[14,2,10]
[10,7,4]

[4,5,16]
[16,2,10]
[10,8,4]

[4,6,1]
[1,8,3]
[3,2,4]

[4,6,1]
[1,12,2]
[2,3,4]

[4,6,3]
[3,12,2]
[2,9,4]

[4,6,5]
[5,8,3]
[3,10,4]

[4,6,5]
[5,12,2]
[2,15,4]

[4,6,7]
[7,8,3]
[3,14,4]

[4,6,10]
[10,2,12]
[12,5,4]

[4,6,12]
[12,3,8]
[8,9,4]

[4,6,14]
[14,2,12]
[12,7,4]

[4,6,16]
[16,2,12]
[12,8,4]

[4,6,16]
[16,3,8]
[8,12,4]

[4,7,6]
[6,2,14]
[14,3,4]

[4,7,10]
[10,2,14]
[14,5,4]

[4,7,12]
[12,2,14]
[14,6,4]

[4,7,16]
[16,2,14]
[14,8,4]

[4,8,3]
[3,16,2]
[2,12,4]

[4,8,6]
[6,2,16]
[16,3,4]

[4,8,10]
[10,2,16]
[16,5,4]

[4,8,12]
[12,2,16]
[16,6,4]

[4,8,14]
[14,2,16]
[16,7,4]

[4,9,2]
[2,12,3]
[3,6,4]

[4,9,5]
[5,12,3]
[3,15,4]

[4,9,8]
[8,3,12]
[12,6,4]

[4,10,1]
[1,8,5]
[5,2,4]

[4,10,3]
[3,8,5]
[5,6,4]

[4,10,6]
[6,8,5]
[5,12,4]

[4,10,7]
[7,8,5]
[5,14,4]

[4,10,12]
[12,5,8]
[8,15,4]

[4,12,1]
[1,8,6]
[6,2,4]

[4,12,2]
[2,6,8]
[8,3,4]

[4,12,2]
[2,16,3]
[3,8,4]

[4,12,5]
[5,8,6]
[6,10,4]

[4,12,7]
[7,8,6]
[6,14,4]

[4,12,8]
[8,3,16]
[16,6,4]

[4,12,10]
[10,6,8]
[8,15,4]

[4,14,1]
[1,8,7]
[7,2,4]

[4,14,3]
[3,8,7]
[7,6,4]

[4,14,5]
[5,8,7]
[7,10,4]

[4,14,6]
[6,8,7]
[7,12,4]

[4,15,1]
[1,12,5]
[5,3,4]

[4,15,2]
[2,6,10]
[10,3,4]

[4,15,2]
[2,10,6]
[6,5,4]

[4,15,2]
[2,12,5]
[5,6,4]

[4,15,3]
[3,12,5]
[5,9,4]

[4,15,8]
[8,5,12]
[12,10,4]

[4,15,8]
[8,6,10]
[10,12,4]

[5,2,3]
[3,10,1]
[1,6,5]

[5,2,4]
[4,10,1]
[1,8,5]

[5,2,6]
[6,10,1]
[1,12,5]

[5,2,7]
[7,10,1]
[1,14,5]

[5,2,8]
[8,10,1]
[1,16,5]

[5,2,15]
[15,1,10]
[10,3,5]

[5,3,2]
[2,15,1]
[1,6,5]

[5,3,4]
[4,15,1]
[1,12,5]

[5,3,10]
[10,1,15]
[15,2,5]

[5,4,3]
[3,10,2]
[2,6,5]

[5,4,6]
[6,10,2]
[2,12,5]

[5,4,7]
[7,10,2]
[2,14,5]

[5,4,8]
[8,10,2]
[2,16,5]

[5,4,15]
[15,2,10]
[10,6,5]

[5,6,1]
[1,10,3]
[3,2,5]

[5,6,1]
[1,15,2]
[2,3,5]

[5,6,2]
[2,10,3]
[3,4,5]

[5,6,3]
[3,15,2]
[2,9,5]

[5,6,4]
[4,10,3]
[3,8,5]

[5,6,4]
[4,15,2]
[2,12,5]

[5,6,7]
[7,10,3]
[3,14,5]

[5,6,8]
[8,10,3]
[3,16,5]

[5,6,10]
[10,2,15]
[15,4,5]

[5,6,15]
[15,3,10]
[10,9,5]

[5,8,1]
[1,10,4]
[4,2,5]

[5,8,3]
[3,10,4]
[4,6,5]

[5,8,6]
[6,10,4]
[4,12,5]

[5,8,7]
[7,10,4]
[4,14,5]

[5,8,15]
[15,4,10]
[10,12,5]

[5,9,2]
[2,15,3]
[3,6,5]

[5,9,4]
[4,15,3]
[3,12,5]

[5,9,10]
[10,3,15]
[15,6,5]

[5,12,1]
[1,10,6]
[6,2,5]

[5,12,1]
[1,15,4]
[4,3,5]

[5,12,2]
[2,10,6]
[6,4,5]

[5,12,2]
[2,15,4]
[4,6,5]

[5,12,3]
[3,15,4]
[4,9,5]

[5,12,4]
[4,10,6]
[6,8,5]

[5,12,7]
[7,10,6]
[6,14,5]

[5,12,8]
[8,10,6]
[6,16,5]

[5,12,10]
[10,4,15]
[15,8,5]

[5,14,1]
[1,10,7]
[7,2,5]

[5,14,2]
[2,10,7]
[7,4,5]

[5,14,3]
[3,10,7]
[7,6,5]

[5,14,4]
[4,10,7]
[7,8,5]

[5,14,6]
[6,10,7]
[7,12,5]

[5,14,8]
[8,10,7]
[7,16,5]

[5,16,1]
[1,10,8]
[8,2,5]

[5,16,2]
[2,10,8]
[8,4,5]

[5,16,3]
[3,10,8]
[8,6,5]

[5,16,6]
[6,10,8]
[8,12,5]

[5,16,7]
[7,10,8]
[8,14,5]

[6,1,8]
[8,3,2]
[2,4,6]

[6,1,10]
[10,3,2]
[2,5,6]

[6,1,12]
[12,2,3]
[3,4,6]

[6,1,14]
[14,3,2]
[2,7,6]

[6,1,15]
[15,2,3]
[3,5,6]

[6,1,16]
[16,3,2]
[2,8,6]

[6,2,4]
[4,12,1]
[1,8,6]

[6,2,5]
[5,12,1]
[1,10,6]

[6,2,7]
[7,12,1]
[1,14,6]

[6,2,8]
[8,12,1]
[1,16,6]

[6,2,10]
[10,3,4]
[4,5,6]

[6,2,12]
[12,4,3]
[3,8,6]

[6,2,14]
[14,3,4]
[4,7,6]

[6,2,15]
[15,4,3]
[3,10,6]

[6,2,16]
[16,3,4]
[4,8,6]

[6,3,8]
[8,9,2]
[2,12,6]

[6,3,10]
[10,9,2]
[2,15,6]

[6,3,12]
[12,2,9]
[9,4,6]

[6,3,15]
[15,2,9]
[9,5,6]

[6,4,2]
[2,3,8]
[8,1,6]

[6,4,3]
[3,2,12]
[12,1,6]

[6,4,5]
[5,12,2]
[2,10,6]

[6,4,7]
[7,12,2]
[2,14,6]

[6,4,8]
[8,12,2]
[2,16,6]

[6,4,9]
[9,2,12]
[12,3,6]

[6,4,9]
[9,8,3]
[3,12,6]

[6,4,10]
[10,3,8]
[8,5,6]

[6,4,12]
[12,8,3]
[3,16,6]

[6,4,14]
[14,3,8]
[8,7,6]

[6,4,15]
[15,2,12]
[12,5,6]

[6,5,2]
[2,3,10]
[10,1,6]

[6,5,3]
[3,2,15]
[15,1,6]

[6,5,4]
[4,3,10]
[10,2,6]

[6,5,4]
[4,15,2]
[2,10,6]

[6,5,8]
[8,3,10]
[10,4,6]

[6,5,9]
[9,2,15]
[15,3,6]

[6,5,9]
[9,10,3]
[3,15,6]

[6,5,12]
[12,2,15]
[15,4,6]

[6,5,14]
[14,3,10]
[10,7,6]

[6,5,16]
[16,3,10]
[10,8,6]

[6,7,2]
[2,3,14]
[14,1,6]

[6,7,4]
[4,3,14]
[14,2,6]

[6,7,8]
[8,3,14]
[14,4,6]

[6,7,10]
[10,3,14]
[14,5,6]

[6,7,16]
[16,3,14]
[14,8,6]

[6,8,1]
[1,12,4]
[4,2,6]

[6,8,2]
[2,3,16]
[16,1,6]

[6,8,3]
[3,4,12]
[12,2,6]

[6,8,4]
[4,3,16]
[16,2,6]

[6,8,5]
[5,12,4]
[4,10,6]

[6,8,7]
[7,12,4]
[4,14,6]

[6,8,10]
[10,3,16]
[16,5,6]

[6,8,14]
[14,3,16]
[16,7,6]

[6,8,15]
[15,4,12]
[12,10,6]

[6,10,1]
[1,12,5]
[5,2,6]

[6,10,2]
[2,12,5]
[5,4,6]

[6,10,2]
[2,15,4]
[4,5,6]

[6,10,3]
[3,4,15]
[15,2,6]

[6,10,4]
[4,12,5]
[5,8,6]

[6,10,7]
[7,12,5]
[5,14,6]

[6,10,8]
[8,12,5]
[5,16,6]

[6,10,12]
[12,4,15]
[15,8,6]

[6,12,2]
[2,9,8]
[8,3,6]

[6,12,3]
[3,8,9]
[9,4,6]

[6,12,10]
[10,9,8]
[8,15,6]

[6,14,1]
[1,12,7]
[7,2,6]

[6,14,2]
[2,12,7]
[7,4,6]

[6,14,4]
[4,12,7]
[7,8,6]

[6,14,5]
[5,12,7]
[7,10,6]

[6,14,8]
[8,12,7]
[7,16,6]

[6,15,2]
[2,9,10]
[10,3,6]

[6,15,3]
[3,10,9]
[9,5,6]

[6,15,8]
[8,9,10]
[10,12,6]

[6,16,1]
[1,12,8]
[8,2,6]

[6,16,2]
[2,12,8]
[8,4,6]

[6,16,3]
[3,8,12]
[12,4,6]

[6,16,5]
[5,12,8]
[8,10,6]

[6,16,7]
[7,12,8]
[8,14,6]

[7,2,3]
[3,14,1]
[1,6,7]

[7,2,4]
[4,14,1]
[1,8,7]

[7,2,5]
[5,14,1]
[1,10,7]

[7,2,6]
[6,14,1]
[1,12,7]

[7,2,8]
[8,14,1]
[1,16,7]

[7,4,3]
[3,14,2]
[2,6,7]

[7,4,5]
[5,14,2]
[2,10,7]

[7,4,6]
[6,14,2]
[2,12,7]

[7,4,8]
[8,14,2]
[2,16,7]

[7,6,1]
[1,14,3]
[3,2,7]

[7,6,2]
[2,14,3]
[3,4,7]

[7,6,4]
[4,14,3]
[3,8,7]

[7,6,5]
[5,14,3]
[3,10,7]

[7,6,8]
[8,14,3]
[3,16,7]

[7,8,1]
[1,14,4]
[4,2,7]

[7,8,3]
[3,14,4]
[4,6,7]

[7,8,5]
[5,14,4]
[4,10,7]

[7,8,6]
[6,14,4]
[4,12,7]

[7,10,1]
[1,14,5]
[5,2,7]

[7,10,2]
[2,14,5]
[5,4,7]

[7,10,3]
[3,14,5]
[5,6,7]

[7,10,4]
[4,14,5]
[5,8,7]

[7,10,6]
[6,14,5]
[5,12,7]

[7,10,8]
[8,14,5]
[5,16,7]

[7,12,1]
[1,14,6]
[6,2,7]

[7,12,2]
[2,14,6]
[6,4,7]

[7,12,4]
[4,14,6]
[6,8,7]

[7,12,5]
[5,14,6]
[6,10,7]

[7,12,8]
[8,14,6]
[6,16,7]

[7,16,1]
[1,14,8]
[8,2,7]

[7,16,2]
[2,14,8]
[8,4,7]

[7,16,3]
[3,14,8]
[8,6,7]

[7,16,5]
[5,14,8]
[8,10,7]

[7,16,6]
[6,14,8]
[8,12,7]

[8,1,6]
[6,4,2]
[2,3,8]

[8,1,10]
[10,4,2]
[2,5,8]

[8,1,12]
[12,2,4]
[4,3,8]

[8,1,12]
[12,4,2]
[2,6,8]

[8,1,14]
[14,4,2]
[2,7,8]

[8,2,3]
[3,16,1]
[1,6,8]

[8,2,5]
[5,16,1]
[1,10,8]

[8,2,6]
[6,16,1]
[1,12,8]

[8,2,7]
[7,16,1]
[1,14,8]

[8,3,2]
[2,4,6]
[6,1,8]

[8,3,4]
[4,2,12]
[12,1,8]

[8,3,4]
[4,12,2]
[2,6,8]

[8,3,6]
[6,12,2]
[2,9,8]

[8,3,10]
[10,4,6]
[6,5,8]

[8,3,10]
[10,12,2]
[2,15,8]

[8,3,12]
[12,6,4]
[4,9,8]

[8,3,14]
[14,4,6]
[6,7,8]

[8,3,16]
[16,2,12]
[12,4,8]

[8,3,16]
[16,6,4]
[4,12,8]

[8,4,3]
[3,16,2]
[2,6,8]

[8,4,5]
[5,16,2]
[2,10,8]

[8,4,6]
[6,16,2]
[2,12,8]

[8,4,7]
[7,16,2]
[2,14,8]

[8,4,12]
[12,2,16]
[16,3,8]

[8,5,2]
[2,4,10]
[10,1,8]

[8,5,6]
[6,4,10]
[10,3,8]

[8,5,12]
[12,4,10]
[10,6,8]

[8,5,12]
[12,10,4]
[4,15,8]

[8,5,14]
[14,4,10]
[10,7,8]

[8,6,1]
[1,16,3]
[3,2,8]

[8,6,2]
[2,4,12]
[12,1,8]

[8,6,2]
[2,12,4]
[4,3,8]

[8,6,2]
[2,16,3]
[3,4,8]

[8,6,5]
[5,16,3]
[3,10,8]

[8,6,7]
[7,16,3]
[3,14,8]

[8,6,10]
[10,4,12]
[12,5,8]

[8,6,10]
[10,12,4]
[4,15,8]

[8,6,14]
[14,4,12]
[12,7,8]

[8,7,2]
[2,4,14]
[14,1,8]

[8,7,6]
[6,4,14]
[14,3,8]

[8,7,10]
[10,4,14]
[14,5,8]

[8,7,12]
[12,4,14]
[14,6,8]

[8,9,2]
[2,12,6]
[6,3,8]

[8,9,4]
[4,6,12]
[12,3,8]

[8,9,10]
[10,12,6]
[6,15,8]

[8,10,1]
[1,16,5]
[5,2,8]

[8,10,2]
[2,16,5]
[5,4,8]

[8,10,3]
[3,16,5]
[5,6,8]

[8,10,6]
[6,16,5]
[5,12,8]

[8,10,7]
[7,16,5]
[5,14,8]

[8,12,1]
[1,16,6]
[6,2,8]

[8,12,2]
[2,16,6]
[6,4,8]

[8,12,4]
[4,6,16]
[16,3,8]

[8,12,5]
[5,16,6]
[6,10,8]

[8,12,7]
[7,16,6]
[6,14,8]

[8,14,1]
[1,16,7]
[7,2,8]

[8,14,2]
[2,16,7]
[7,4,8]

[8,14,3]
[3,16,7]
[7,6,8]

[8,14,5]
[5,16,7]
[7,10,8]

[8,14,6]
[6,16,7]
[7,12,8]

[8,15,2]
[2,12,10]
[10,3,8]

[8,15,4]
[4,10,12]
[12,5,8]

[8,15,4]
[4,12,10]
[10,6,8]

[8,15,6]
[6,12,10]
[10,9,8]

[9,2,12]
[12,3,6]
[6,4,9]

[9,2,12]
[12,6,3]
[3,8,9]

[9,2,15]
[15,3,6]
[6,5,9]

[9,2,15]
[15,6,3]
[3,10,9]

[9,4,6]
[6,3,12]
[12,2,9]

[9,4,6]
[6,12,3]
[3,8,9]

[9,4,15]
[15,3,12]
[12,5,9]

[9,5,6]
[6,3,15]
[15,2,9]

[9,5,6]
[6,15,3]
[3,10,9]

[9,5,12]
[12,3,15]
[15,4,9]

[9,8,3]
[3,6,12]
[12,2,9]

[9,8,3]
[3,12,6]
[6,4,9]

[9,8,15]
[15,6,12]
[12,10,9]

[9,10,3]
[3,6,15]
[15,2,9]

[9,10,3]
[3,15,6]
[6,5,9]

[9,10,12]
[12,6,15]
[15,8,9]

[10,1,6]
[6,5,2]
[2,3,10]

[10,1,8]
[8,5,2]
[2,4,10]

[10,1,12]
[12,5,2]
[2,6,10]

[10,1,14]
[14,5,2]
[2,7,10]

[10,1,15]
[15,2,5]
[5,3,10]

[10,1,16]
[16,5,2]
[2,8,10]

[10,2,6]
[6,5,4]
[4,3,10]

[10,2,12]
[12,5,4]
[4,6,10]

[10,2,14]
[14,5,4]
[4,7,10]

[10,2,15]
[15,4,5]
[5,6,10]

[10,2,16]
[16,5,4]
[4,8,10]

[10,3,2]
[2,5,6]
[6,1,10]

[10,3,4]
[4,5,6]
[6,2,10]

[10,3,4]
[4,15,2]
[2,6,10]

[10,3,5]
[5,2,15]
[15,1,10]

[10,3,6]
[6,15,2]
[2,9,10]

[10,3,8]
[8,5,6]
[6,4,10]

[10,3,8]
[8,15,2]
[2,12,10]

[10,3,14]
[14,5,6]
[6,7,10]

[10,3,15]
[15,6,5]
[5,9,10]

[10,3,16]
[16,5,6]
[6,8,10]

[10,4,2]
[2,5,8]
[8,1,10]

[10,4,6]
[6,5,8]
[8,3,10]

[10,4,12]
[12,5,8]
[8,6,10]

[10,4,14]
[14,5,8]
[8,7,10]

[10,4,15]
[15,8,5]
[5,12,10]

[10,6,2]
[2,5,12]
[12,1,10]

[10,6,2]
[2,15,4]
[4,3,10]

[10,6,4]
[4,5,12]
[12,2,10]

[10,6,5]
[5,4,15]
[15,2,10]

[10,6,8]
[8,5,12]
[12,4,10]

[10,6,8]
[8,15,4]
[4,12,10]

[10,6,14]
[14,5,12]
[12,7,10]

[10,6,16]
[16,5,12]
[12,8,10]

[10,7,2]
[2,5,14]
[14,1,10]

[10,7,4]
[4,5,14]
[14,2,10]

[10,7,6]
[6,5,14]
[14,3,10]

[10,7,8]
[8,5,14]
[14,4,10]

[10,7,12]
[12,5,14]
[14,6,10]

[10,7,16]
[16,5,14]
[14,8,10]

[10,8,2]
[2,5,16]
[16,1,10]

[10,8,4]
[4,5,16]
[16,2,10]

[10,8,6]
[6,5,16]
[16,3,10]

[10,8,12]
[12,5,16]
[16,6,10]

[10,8,14]
[14,5,16]
[16,7,10]

[10,9,2]
[2,15,6]
[6,3,10]

[10,9,5]
[5,6,15]
[15,3,10]

[10,9,8]
[8,15,6]
[6,12,10]

[10,12,2]
[2,15,8]
[8,3,10]

[10,12,4]
[4,15,8]
[8,6,10]

[10,12,5]
[5,8,15]
[15,4,10]

[10,12,6]
[6,15,8]
[8,9,10]

[12,1,6]
[6,4,3]
[3,2,12]

[12,1,8]
[8,3,4]
[4,2,12]

[12,1,8]
[8,6,2]
[2,4,12]

[12,1,10]
[10,6,2]
[2,5,12]

[12,1,14]
[14,6,2]
[2,7,12]

[12,1,15]
[15,4,3]
[3,5,12]

[12,1,16]
[16,6,2]
[2,8,12]

[12,2,3]
[3,4,6]
[6,1,12]

[12,2,4]
[4,3,8]
[8,1,12]

[12,2,6]
[6,8,3]
[3,4,12]

[12,2,9]
[9,4,6]
[6,3,12]

[12,2,9]
[9,8,3]
[3,6,12]

[12,2,10]
[10,6,4]
[4,5,12]

[12,2,14]
[14,6,4]
[4,7,12]

[12,2,15]
[15,4,6]
[6,5,12]

[12,2,15]
[15,8,3]
[3,10,12]

[12,2,16]
[16,3,8]
[8,4,12]

[12,2,16]
[16,6,4]
[4,8,12]

[12,3,6]
[6,4,9]
[9,2,12]

[12,3,8]
[8,9,4]
[4,6,12]

[12,3,15]
[15,4,9]
[9,5,12]

[12,4,2]
[2,6,8]
[8,1,12]

[12,4,3]
[3,8,6]
[6,2,12]

[12,4,6]
[6,16,3]
[3,8,12]

[12,4,8]
[8,3,16]
[16,2,12]

[12,4,10]
[10,6,8]
[8,5,12]

[12,4,14]
[14,6,8]
[8,7,12]

[12,4,15]
[15,8,6]
[6,10,12]

[12,5,2]
[2,6,10]
[10,1,12]

[12,5,3]
[3,4,15]
[15,1,12]

[12,5,4]
[4,6,10]
[10,2,12]

[12,5,6]
[6,4,15]
[15,2,12]

[12,5,8]
[8,6,10]
[10,4,12]

[12,5,8]
[8,15,4]
[4,10,12]

[12,5,9]
[9,4,15]
[15,3,12]

[12,5,14]
[14,6,10]
[10,7,12]

[12,5,16]
[16,6,10]
[10,8,12]

[12,6,3]
[3,8,9]
[9,2,12]

[12,6,4]
[4,9,8]
[8,3,12]

[12,6,15]
[15,8,9]
[9,10,12]

[12,7,2]
[2,6,14]
[14,1,12]

[12,7,4]
[4,6,14]
[14,2,12]

[12,7,8]
[8,6,14]
[14,4,12]

[12,7,10]
[10,6,14]
[14,5,12]

[12,7,16]
[16,6,14]
[14,8,12]

[12,8,2]
[2,6,16]
[16,1,12]

[12,8,3]
[3,16,6]
[6,4,12]

[12,8,4]
[4,6,16]
[16,2,12]

[12,8,10]
[10,6,16]
[16,5,12]

[12,8,14]
[14,6,16]
[16,7,12]

[12,10,3]
[3,8,15]
[15,2,12]

[12,10,4]
[4,15,8]
[8,5,12]

[12,10,6]
[6,8,15]
[15,4,12]

[12,10,9]
[9,8,15]
[15,6,12]

[14,1,6]
[6,7,2]
[2,3,14]

[14,1,8]
[8,7,2]
[2,4,14]

[14,1,10]
[10,7,2]
[2,5,14]

[14,1,12]
[12,7,2]
[2,6,14]

[14,1,16]
[16,7,2]
[2,8,14]

[14,2,6]
[6,7,4]
[4,3,14]

[14,2,10]
[10,7,4]
[4,5,14]

[14,2,12]
[12,7,4]
[4,6,14]

[14,2,16]
[16,7,4]
[4,8,14]

[14,3,2]
[2,7,6]
[6,1,14]

[14,3,4]
[4,7,6]
[6,2,14]

[14,3,8]
[8,7,6]
[6,4,14]

[14,3,10]
[10,7,6]
[6,5,14]

[14,3,16]
[16,7,6]
[6,8,14]

[14,4,2]
[2,7,8]
[8,1,14]

[14,4,6]
[6,7,8]
[8,3,14]

[14,4,10]
[10,7,8]
[8,5,14]

[14,4,12]
[12,7,8]
[8,6,14]

[14,5,2]
[2,7,10]
[10,1,14]

[14,5,4]
[4,7,10]
[10,2,14]

[14,5,6]
[6,7,10]
[10,3,14]

[14,5,8]
[8,7,10]
[10,4,14]

[14,5,12]
[12,7,10]
[10,6,14]

[14,5,16]
[16,7,10]
[10,8,14]

[14,6,2]
[2,7,12]
[12,1,14]

[14,6,4]
[4,7,12]
[12,2,14]

[14,6,8]
[8,7,12]
[12,4,14]

[14,6,10]
[10,7,12]
[12,5,14]

[14,6,16]
[16,7,12]
[12,8,14]

[14,8,2]
[2,7,16]
[16,1,14]

[14,8,4]
[4,7,16]
[16,2,14]

[14,8,6]
[6,7,16]
[16,3,14]

[14,8,10]
[10,7,16]
[16,5,14]

[14,8,12]
[12,7,16]
[16,6,14]

[15,1,6]
[6,5,3]
[3,2,15]

[15,1,10]
[10,3,5]
[5,2,15]

[15,1,12]
[12,5,3]
[3,4,15]

[15,2,3]
[3,5,6]
[6,1,15]

[15,2,5]
[5,3,10]
[10,1,15]

[15,2,6]
[6,10,3]
[3,4,15]

[15,2,9]
[9,5,6]
[6,3,15]

[15,2,9]
[9,10,3]
[3,6,15]

[15,2,10]
[10,6,5]
[5,4,15]

[15,2,12]
[12,5,6]
[6,4,15]

[15,2,12]
[12,10,3]
[3,8,15]

[15,3,6]
[6,5,9]
[9,2,15]

[15,3,10]
[10,9,5]
[5,6,15]

[15,3,12]
[12,5,9]
[9,4,15]

[15,4,3]
[3,5,12]
[12,1,15]

[15,4,3]
[3,10,6]
[6,2,15]

[15,4,5]
[5,6,10]
[10,2,15]

[15,4,6]
[6,5,12]
[12,2,15]

[15,4,9]
[9,5,12]
[12,3,15]

[15,4,10]
[10,12,5]
[5,8,15]

[15,4,12]
[12,10,6]
[6,8,15]

[15,6,3]
[3,10,9]
[9,2,15]

[15,6,5]
[5,9,10]
[10,3,15]

[15,6,12]
[12,10,9]
[9,8,15]

[15,8,3]
[3,10,12]
[12,2,15]

[15,8,5]
[5,12,10]
[10,4,15]

[15,8,6]
[6,10,12]
[12,4,15]

[15,8,9]
[9,10,12]
[12,6,15]

[16,1,6]
[6,8,2]
[2,3,16]

[16,1,10]
[10,8,2]
[2,5,16]

[16,1,12]
[12,8,2]
[2,6,16]

[16,1,14]
[14,8,2]
[2,7,16]

[16,2,6]
[6,8,4]
[4,3,16]

[16,2,10]
[10,8,4]
[4,5,16]

[16,2,12]
[12,4,8]
[8,3,16]

[16,2,12]
[12,8,4]
[4,6,16]

[16,2,14]
[14,8,4]
[4,7,16]

[16,3,2]
[2,8,6]
[6,1,16]

[16,3,4]
[4,8,6]
[6,2,16]

[16,3,8]
[8,4,12]
[12,2,16]

[16,3,8]
[8,12,4]
[4,6,16]

[16,3,10]
[10,8,6]
[6,5,16]

[16,3,14]
[14,8,6]
[6,7,16]

[16,5,2]
[2,8,10]
[10,1,16]

[16,5,4]
[4,8,10]
[10,2,16]

[16,5,6]
[6,8,10]
[10,3,16]

[16,5,12]
[12,8,10]
[10,6,16]

[16,5,14]
[14,8,10]
[10,7,16]

[16,6,2]
[2,8,12]
[12,1,16]

[16,6,4]
[4,8,12]
[12,2,16]

[16,6,4]
[4,12,8]
[8,3,16]

[16,6,10]
[10,8,12]
[12,5,16]

[16,6,14]
[14,8,12]
[12,7,16]

[16,7,2]
[2,8,14]
[14,1,16]

[16,7,4]
[4,8,14]
[14,2,16]

[16,7,6]
[6,8,14]
[14,3,16]

[16,7,10]
[10,8,14]
[14,5,16]

[16,7,12]
[12,8,14]
[14,6,16]

there are 672 polygon puzzle solutions
