for polygons with 4 vertices with 4 values in [1..16] on their sides
the polygon puzzle solutions are 
[1,4,15,12]
[12,2,10,3]
[3,6,8,5]
[5,9,16,1]

[1,4,15,12]
[12,2,10,3]
[3,6,8,5]
[5,16,9,1]

[1,4,15,12]
[12,2,10,3]
[3,8,6,5]
[5,9,16,1]

[1,4,15,12]
[12,2,10,3]
[3,8,6,5]
[5,16,9,1]

[1,4,15,12]
[12,10,2,3]
[3,6,8,5]
[5,9,16,1]

[1,4,15,12]
[12,10,2,3]
[3,6,8,5]
[5,16,9,1]

[1,4,15,12]
[12,10,2,3]
[3,8,6,5]
[5,9,16,1]

[1,4,15,12]
[12,10,2,3]
[3,8,6,5]
[5,16,9,1]

[1,4,15,14]
[14,2,6,5]
[5,3,8,7]
[7,10,12,1]

[1,4,15,14]
[14,2,6,5]
[5,3,8,7]
[7,12,10,1]

[1,4,15,14]
[14,2,6,5]
[5,8,3,7]
[7,10,12,1]

[1,4,15,14]
[14,2,6,5]
[5,8,3,7]
[7,12,10,1]

[1,4,15,14]
[14,6,2,5]
[5,3,8,7]
[7,10,12,1]

[1,4,15,14]
[14,6,2,5]
[5,3,8,7]
[7,12,10,1]

[1,4,15,14]
[14,6,2,5]
[5,8,3,7]
[7,10,12,1]

[1,4,15,14]
[14,6,2,5]
[5,8,3,7]
[7,12,10,1]

[1,6,10,14]
[14,3,4,5]
[5,2,12,7]
[7,8,15,1]

[1,6,10,14]
[14,3,4,5]
[5,2,12,7]
[7,15,8,1]

[1,6,10,14]
[14,3,4,5]
[5,12,2,7]
[7,8,15,1]

[1,6,10,14]
[14,3,4,5]
[5,12,2,7]
[7,15,8,1]

[1,6,10,14]
[14,4,3,5]
[5,2,12,7]
[7,8,15,1]

[1,6,10,14]
[14,4,3,5]
[5,2,12,7]
[7,15,8,1]

[1,6,10,14]
[14,4,3,5]
[5,12,2,7]
[7,8,15,1]

[1,6,10,14]
[14,4,3,5]
[5,12,2,7]
[7,15,8,1]

[1,8,15,7]
[7,2,12,5]
[5,3,4,14]
[14,6,10,1]

[1,8,15,7]
[7,2,12,5]
[5,3,4,14]
[14,10,6,1]

[1,8,15,7]
[7,2,12,5]
[5,4,3,14]
[14,6,10,1]

[1,8,15,7]
[7,2,12,5]
[5,4,3,14]
[14,10,6,1]

[1,8,15,7]
[7,12,2,5]
[5,3,4,14]
[14,6,10,1]

[1,8,15,7]
[7,12,2,5]
[5,3,4,14]
[14,10,6,1]

[1,8,15,7]
[7,12,2,5]
[5,4,3,14]
[14,6,10,1]

[1,8,15,7]
[7,12,2,5]
[5,4,3,14]
[14,10,6,1]

[1,9,16,5]
[5,6,8,3]
[3,2,10,12]
[12,4,15,1]

[1,9,16,5]
[5,6,8,3]
[3,2,10,12]
[12,15,4,1]

[1,9,16,5]
[5,6,8,3]
[3,10,2,12]
[12,4,15,1]

[1,9,16,5]
[5,6,8,3]
[3,10,2,12]
[12,15,4,1]

[1,9,16,5]
[5,8,6,3]
[3,2,10,12]
[12,4,15,1]

[1,9,16,5]
[5,8,6,3]
[3,2,10,12]
[12,15,4,1]

[1,9,16,5]
[5,8,6,3]
[3,10,2,12]
[12,4,15,1]

[1,9,16,5]
[5,8,6,3]
[3,10,2,12]
[12,15,4,1]

[1,10,6,14]
[14,3,4,5]
[5,2,12,7]
[7,8,15,1]

[1,10,6,14]
[14,3,4,5]
[5,2,12,7]
[7,15,8,1]

[1,10,6,14]
[14,3,4,5]
[5,12,2,7]
[7,8,15,1]

[1,10,6,14]
[14,3,4,5]
[5,12,2,7]
[7,15,8,1]

[1,10,6,14]
[14,4,3,5]
[5,2,12,7]
[7,8,15,1]

[1,10,6,14]
[14,4,3,5]
[5,2,12,7]
[7,15,8,1]

[1,10,6,14]
[14,4,3,5]
[5,12,2,7]
[7,8,15,1]

[1,10,6,14]
[14,4,3,5]
[5,12,2,7]
[7,15,8,1]

[1,10,12,7]
[7,3,8,5]
[5,2,6,14]
[14,4,15,1]

[1,10,12,7]
[7,3,8,5]
[5,2,6,14]
[14,15,4,1]

[1,10,12,7]
[7,3,8,5]
[5,6,2,14]
[14,4,15,1]

[1,10,12,7]
[7,3,8,5]
[5,6,2,14]
[14,15,4,1]

[1,10,12,7]
[7,8,3,5]
[5,2,6,14]
[14,4,15,1]

[1,10,12,7]
[7,8,3,5]
[5,2,6,14]
[14,15,4,1]

[1,10,12,7]
[7,8,3,5]
[5,6,2,14]
[14,4,15,1]

[1,10,12,7]
[7,8,3,5]
[5,6,2,14]
[14,15,4,1]

[1,12,10,7]
[7,3,8,5]
[5,2,6,14]
[14,4,15,1]

[1,12,10,7]
[7,3,8,5]
[5,2,6,14]
[14,15,4,1]

[1,12,10,7]
[7,3,8,5]
[5,6,2,14]
[14,4,15,1]

[1,12,10,7]
[7,3,8,5]
[5,6,2,14]
[14,15,4,1]

[1,12,10,7]
[7,8,3,5]
[5,2,6,14]
[14,4,15,1]

[1,12,10,7]
[7,8,3,5]
[5,2,6,14]
[14,15,4,1]

[1,12,10,7]
[7,8,3,5]
[5,6,2,14]
[14,4,15,1]

[1,12,10,7]
[7,8,3,5]
[5,6,2,14]
[14,15,4,1]

[1,15,4,12]
[12,2,10,3]
[3,6,8,5]
[5,9,16,1]

[1,15,4,12]
[12,2,10,3]
[3,6,8,5]
[5,16,9,1]

[1,15,4,12]
[12,2,10,3]
[3,8,6,5]
[5,9,16,1]

[1,15,4,12]
[12,2,10,3]
[3,8,6,5]
[5,16,9,1]

[1,15,4,12]
[12,10,2,3]
[3,6,8,5]
[5,9,16,1]

[1,15,4,12]
[12,10,2,3]
[3,6,8,5]
[5,16,9,1]

[1,15,4,12]
[12,10,2,3]
[3,8,6,5]
[5,9,16,1]

[1,15,4,12]
[12,10,2,3]
[3,8,6,5]
[5,16,9,1]

[1,15,4,14]
[14,2,6,5]
[5,3,8,7]
[7,10,12,1]

[1,15,4,14]
[14,2,6,5]
[5,3,8,7]
[7,12,10,1]

[1,15,4,14]
[14,2,6,5]
[5,8,3,7]
[7,10,12,1]

[1,15,4,14]
[14,2,6,5]
[5,8,3,7]
[7,12,10,1]

[1,15,4,14]
[14,6,2,5]
[5,3,8,7]
[7,10,12,1]

[1,15,4,14]
[14,6,2,5]
[5,3,8,7]
[7,12,10,1]

[1,15,4,14]
[14,6,2,5]
[5,8,3,7]
[7,10,12,1]

[1,15,4,14]
[14,6,2,5]
[5,8,3,7]
[7,12,10,1]

[1,15,8,7]
[7,2,12,5]
[5,3,4,14]
[14,6,10,1]

[1,15,8,7]
[7,2,12,5]
[5,3,4,14]
[14,10,6,1]

[1,15,8,7]
[7,2,12,5]
[5,4,3,14]
[14,6,10,1]

[1,15,8,7]
[7,2,12,5]
[5,4,3,14]
[14,10,6,1]

[1,15,8,7]
[7,12,2,5]
[5,3,4,14]
[14,6,10,1]

[1,15,8,7]
[7,12,2,5]
[5,3,4,14]
[14,10,6,1]

[1,15,8,7]
[7,12,2,5]
[5,4,3,14]
[14,6,10,1]

[1,15,8,7]
[7,12,2,5]
[5,4,3,14]
[14,10,6,1]

[1,16,9,5]
[5,6,8,3]
[3,2,10,12]
[12,4,15,1]

[1,16,9,5]
[5,6,8,3]
[3,2,10,12]
[12,15,4,1]

[1,16,9,5]
[5,6,8,3]
[3,10,2,12]
[12,4,15,1]

[1,16,9,5]
[5,6,8,3]
[3,10,2,12]
[12,15,4,1]

[1,16,9,5]
[5,8,6,3]
[3,2,10,12]
[12,4,15,1]

[1,16,9,5]
[5,8,6,3]
[3,2,10,12]
[12,15,4,1]

[1,16,9,5]
[5,8,6,3]
[3,10,2,12]
[12,4,15,1]

[1,16,9,5]
[5,8,6,3]
[3,10,2,12]
[12,15,4,1]

[3,2,10,12]
[12,4,15,1]
[1,9,16,5]
[5,6,8,3]

[3,2,10,12]
[12,4,15,1]
[1,9,16,5]
[5,8,6,3]

[3,2,10,12]
[12,4,15,1]
[1,16,9,5]
[5,6,8,3]

[3,2,10,12]
[12,4,15,1]
[1,16,9,5]
[5,8,6,3]

[3,2,10,12]
[12,15,4,1]
[1,9,16,5]
[5,6,8,3]

[3,2,10,12]
[12,15,4,1]
[1,9,16,5]
[5,8,6,3]

[3,2,10,12]
[12,15,4,1]
[1,16,9,5]
[5,6,8,3]

[3,2,10,12]
[12,15,4,1]
[1,16,9,5]
[5,8,6,3]

[3,6,8,5]
[5,9,16,1]
[1,4,15,12]
[12,2,10,3]

[3,6,8,5]
[5,9,16,1]
[1,4,15,12]
[12,10,2,3]

[3,6,8,5]
[5,9,16,1]
[1,15,4,12]
[12,2,10,3]

[3,6,8,5]
[5,9,16,1]
[1,15,4,12]
[12,10,2,3]

[3,6,8,5]
[5,16,9,1]
[1,4,15,12]
[12,2,10,3]

[3,6,8,5]
[5,16,9,1]
[1,4,15,12]
[12,10,2,3]

[3,6,8,5]
[5,16,9,1]
[1,15,4,12]
[12,2,10,3]

[3,6,8,5]
[5,16,9,1]
[1,15,4,12]
[12,10,2,3]

[3,8,6,5]
[5,9,16,1]
[1,4,15,12]
[12,2,10,3]

[3,8,6,5]
[5,9,16,1]
[1,4,15,12]
[12,10,2,3]

[3,8,6,5]
[5,9,16,1]
[1,15,4,12]
[12,2,10,3]

[3,8,6,5]
[5,9,16,1]
[1,15,4,12]
[12,10,2,3]

[3,8,6,5]
[5,16,9,1]
[1,4,15,12]
[12,2,10,3]

[3,8,6,5]
[5,16,9,1]
[1,4,15,12]
[12,10,2,3]

[3,8,6,5]
[5,16,9,1]
[1,15,4,12]
[12,2,10,3]

[3,8,6,5]
[5,16,9,1]
[1,15,4,12]
[12,10,2,3]

[3,10,2,12]
[12,4,15,1]
[1,9,16,5]
[5,6,8,3]

[3,10,2,12]
[12,4,15,1]
[1,9,16,5]
[5,8,6,3]

[3,10,2,12]
[12,4,15,1]
[1,16,9,5]
[5,6,8,3]

[3,10,2,12]
[12,4,15,1]
[1,16,9,5]
[5,8,6,3]

[3,10,2,12]
[12,15,4,1]
[1,9,16,5]
[5,6,8,3]

[3,10,2,12]
[12,15,4,1]
[1,9,16,5]
[5,8,6,3]

[3,10,2,12]
[12,15,4,1]
[1,16,9,5]
[5,6,8,3]

[3,10,2,12]
[12,15,4,1]
[1,16,9,5]
[5,8,6,3]

[4,2,12,15]
[15,1,16,6]
[6,3,10,8]
[8,5,9,4]

[4,2,12,15]
[15,1,16,6]
[6,3,10,8]
[8,9,5,4]

[4,2,12,15]
[15,1,16,6]
[6,10,3,8]
[8,5,9,4]

[4,2,12,15]
[15,1,16,6]
[6,10,3,8]
[8,9,5,4]

[4,2,12,15]
[15,16,1,6]
[6,3,10,8]
[8,5,9,4]

[4,2,12,15]
[15,16,1,6]
[6,3,10,8]
[8,9,5,4]

[4,2,12,15]
[15,16,1,6]
[6,10,3,8]
[8,5,9,4]

[4,2,12,15]
[15,16,1,6]
[6,10,3,8]
[8,9,5,4]

[4,5,9,8]
[8,3,10,6]
[6,1,16,15]
[15,2,12,4]

[4,5,9,8]
[8,3,10,6]
[6,1,16,15]
[15,12,2,4]

[4,5,9,8]
[8,3,10,6]
[6,16,1,15]
[15,2,12,4]

[4,5,9,8]
[8,3,10,6]
[6,16,1,15]
[15,12,2,4]

[4,5,9,8]
[8,10,3,6]
[6,1,16,15]
[15,2,12,4]

[4,5,9,8]
[8,10,3,6]
[6,1,16,15]
[15,12,2,4]

[4,5,9,8]
[8,10,3,6]
[6,16,1,15]
[15,2,12,4]

[4,5,9,8]
[8,10,3,6]
[6,16,1,15]
[15,12,2,4]

[4,9,5,8]
[8,3,10,6]
[6,1,16,15]
[15,2,12,4]

[4,9,5,8]
[8,3,10,6]
[6,1,16,15]
[15,12,2,4]

[4,9,5,8]
[8,3,10,6]
[6,16,1,15]
[15,2,12,4]

[4,9,5,8]
[8,3,10,6]
[6,16,1,15]
[15,12,2,4]

[4,9,5,8]
[8,10,3,6]
[6,1,16,15]
[15,2,12,4]

[4,9,5,8]
[8,10,3,6]
[6,1,16,15]
[15,12,2,4]

[4,9,5,8]
[8,10,3,6]
[6,16,1,15]
[15,2,12,4]

[4,9,5,8]
[8,10,3,6]
[6,16,1,15]
[15,12,2,4]

[4,12,2,15]
[15,1,16,6]
[6,3,10,8]
[8,5,9,4]

[4,12,2,15]
[15,1,16,6]
[6,3,10,8]
[8,9,5,4]

[4,12,2,15]
[15,1,16,6]
[6,10,3,8]
[8,5,9,4]

[4,12,2,15]
[15,1,16,6]
[6,10,3,8]
[8,9,5,4]

[4,12,2,15]
[15,16,1,6]
[6,3,10,8]
[8,5,9,4]

[4,12,2,15]
[15,16,1,6]
[6,3,10,8]
[8,9,5,4]

[4,12,2,15]
[15,16,1,6]
[6,10,3,8]
[8,5,9,4]

[4,12,2,15]
[15,16,1,6]
[6,10,3,8]
[8,9,5,4]

[5,2,6,14]
[14,4,15,1]
[1,10,12,7]
[7,3,8,5]

[5,2,6,14]
[14,4,15,1]
[1,10,12,7]
[7,8,3,5]

[5,2,6,14]
[14,4,15,1]
[1,12,10,7]
[7,3,8,5]

[5,2,6,14]
[14,4,15,1]
[1,12,10,7]
[7,8,3,5]

[5,2,6,14]
[14,15,4,1]
[1,10,12,7]
[7,3,8,5]

[5,2,6,14]
[14,15,4,1]
[1,10,12,7]
[7,8,3,5]

[5,2,6,14]
[14,15,4,1]
[1,12,10,7]
[7,3,8,5]

[5,2,6,14]
[14,15,4,1]
[1,12,10,7]
[7,8,3,5]

[5,2,12,7]
[7,8,15,1]
[1,6,10,14]
[14,3,4,5]

[5,2,12,7]
[7,8,15,1]
[1,6,10,14]
[14,4,3,5]

[5,2,12,7]
[7,8,15,1]
[1,10,6,14]
[14,3,4,5]

[5,2,12,7]
[7,8,15,1]
[1,10,6,14]
[14,4,3,5]

[5,2,12,7]
[7,15,8,1]
[1,6,10,14]
[14,3,4,5]

[5,2,12,7]
[7,15,8,1]
[1,6,10,14]
[14,4,3,5]

[5,2,12,7]
[7,15,8,1]
[1,10,6,14]
[14,3,4,5]

[5,2,12,7]
[7,15,8,1]
[1,10,6,14]
[14,4,3,5]

[5,3,4,14]
[14,6,10,1]
[1,8,15,7]
[7,2,12,5]

[5,3,4,14]
[14,6,10,1]
[1,8,15,7]
[7,12,2,5]

[5,3,4,14]
[14,6,10,1]
[1,15,8,7]
[7,2,12,5]

[5,3,4,14]
[14,6,10,1]
[1,15,8,7]
[7,12,2,5]

[5,3,4,14]
[14,10,6,1]
[1,8,15,7]
[7,2,12,5]

[5,3,4,14]
[14,10,6,1]
[1,8,15,7]
[7,12,2,5]

[5,3,4,14]
[14,10,6,1]
[1,15,8,7]
[7,2,12,5]

[5,3,4,14]
[14,10,6,1]
[1,15,8,7]
[7,12,2,5]

[5,3,8,7]
[7,10,12,1]
[1,4,15,14]
[14,2,6,5]

[5,3,8,7]
[7,10,12,1]
[1,4,15,14]
[14,6,2,5]

[5,3,8,7]
[7,10,12,1]
[1,15,4,14]
[14,2,6,5]

[5,3,8,7]
[7,10,12,1]
[1,15,4,14]
[14,6,2,5]

[5,3,8,7]
[7,12,10,1]
[1,4,15,14]
[14,2,6,5]

[5,3,8,7]
[7,12,10,1]
[1,4,15,14]
[14,6,2,5]

[5,3,8,7]
[7,12,10,1]
[1,15,4,14]
[14,2,6,5]

[5,3,8,7]
[7,12,10,1]
[1,15,4,14]
[14,6,2,5]

[5,3,16,6]
[6,2,10,12]
[12,1,15,8]
[8,4,9,5]

[5,3,16,6]
[6,2,10,12]
[12,1,15,8]
[8,9,4,5]

[5,3,16,6]
[6,2,10,12]
[12,15,1,8]
[8,4,9,5]

[5,3,16,6]
[6,2,10,12]
[12,15,1,8]
[8,9,4,5]

[5,3,16,6]
[6,10,2,12]
[12,1,15,8]
[8,4,9,5]

[5,3,16,6]
[6,10,2,12]
[12,1,15,8]
[8,9,4,5]

[5,3,16,6]
[6,10,2,12]
[12,15,1,8]
[8,4,9,5]

[5,3,16,6]
[6,10,2,12]
[12,15,1,8]
[8,9,4,5]

[5,4,3,14]
[14,6,10,1]
[1,8,15,7]
[7,2,12,5]

[5,4,3,14]
[14,6,10,1]
[1,8,15,7]
[7,12,2,5]

[5,4,3,14]
[14,6,10,1]
[1,15,8,7]
[7,2,12,5]

[5,4,3,14]
[14,6,10,1]
[1,15,8,7]
[7,12,2,5]

[5,4,3,14]
[14,10,6,1]
[1,8,15,7]
[7,2,12,5]

[5,4,3,14]
[14,10,6,1]
[1,8,15,7]
[7,12,2,5]

[5,4,3,14]
[14,10,6,1]
[1,15,8,7]
[7,2,12,5]

[5,4,3,14]
[14,10,6,1]
[1,15,8,7]
[7,12,2,5]

[5,4,9,8]
[8,1,15,12]
[12,2,10,6]
[6,3,16,5]

[5,4,9,8]
[8,1,15,12]
[12,2,10,6]
[6,16,3,5]

[5,4,9,8]
[8,1,15,12]
[12,10,2,6]
[6,3,16,5]

[5,4,9,8]
[8,1,15,12]
[12,10,2,6]
[6,16,3,5]

[5,4,9,8]
[8,15,1,12]
[12,2,10,6]
[6,3,16,5]

[5,4,9,8]
[8,15,1,12]
[12,2,10,6]
[6,16,3,5]

[5,4,9,8]
[8,15,1,12]
[12,10,2,6]
[6,3,16,5]

[5,4,9,8]
[8,15,1,12]
[12,10,2,6]
[6,16,3,5]

[5,6,2,14]
[14,4,15,1]
[1,10,12,7]
[7,3,8,5]

[5,6,2,14]
[14,4,15,1]
[1,10,12,7]
[7,8,3,5]

[5,6,2,14]
[14,4,15,1]
[1,12,10,7]
[7,3,8,5]

[5,6,2,14]
[14,4,15,1]
[1,12,10,7]
[7,8,3,5]

[5,6,2,14]
[14,15,4,1]
[1,10,12,7]
[7,3,8,5]

[5,6,2,14]
[14,15,4,1]
[1,10,12,7]
[7,8,3,5]

[5,6,2,14]
[14,15,4,1]
[1,12,10,7]
[7,3,8,5]

[5,6,2,14]
[14,15,4,1]
[1,12,10,7]
[7,8,3,5]

[5,6,8,3]
[3,2,10,12]
[12,4,15,1]
[1,9,16,5]

[5,6,8,3]
[3,2,10,12]
[12,4,15,1]
[1,16,9,5]

[5,6,8,3]
[3,2,10,12]
[12,15,4,1]
[1,9,16,5]

[5,6,8,3]
[3,2,10,12]
[12,15,4,1]
[1,16,9,5]

[5,6,8,3]
[3,10,2,12]
[12,4,15,1]
[1,9,16,5]

[5,6,8,3]
[3,10,2,12]
[12,4,15,1]
[1,16,9,5]

[5,6,8,3]
[3,10,2,12]
[12,15,4,1]
[1,9,16,5]

[5,6,8,3]
[3,10,2,12]
[12,15,4,1]
[1,16,9,5]

[5,8,3,7]
[7,10,12,1]
[1,4,15,14]
[14,2,6,5]

[5,8,3,7]
[7,10,12,1]
[1,4,15,14]
[14,6,2,5]

[5,8,3,7]
[7,10,12,1]
[1,15,4,14]
[14,2,6,5]

[5,8,3,7]
[7,10,12,1]
[1,15,4,14]
[14,6,2,5]

[5,8,3,7]
[7,12,10,1]
[1,4,15,14]
[14,2,6,5]

[5,8,3,7]
[7,12,10,1]
[1,4,15,14]
[14,6,2,5]

[5,8,3,7]
[7,12,10,1]
[1,15,4,14]
[14,2,6,5]

[5,8,3,7]
[7,12,10,1]
[1,15,4,14]
[14,6,2,5]

[5,8,6,3]
[3,2,10,12]
[12,4,15,1]
[1,9,16,5]

[5,8,6,3]
[3,2,10,12]
[12,4,15,1]
[1,16,9,5]

[5,8,6,3]
[3,2,10,12]
[12,15,4,1]
[1,9,16,5]

[5,8,6,3]
[3,2,10,12]
[12,15,4,1]
[1,16,9,5]

[5,8,6,3]
[3,10,2,12]
[12,4,15,1]
[1,9,16,5]

[5,8,6,3]
[3,10,2,12]
[12,4,15,1]
[1,16,9,5]

[5,8,6,3]
[3,10,2,12]
[12,15,4,1]
[1,9,16,5]

[5,8,6,3]
[3,10,2,12]
[12,15,4,1]
[1,16,9,5]

[5,9,4,8]
[8,1,15,12]
[12,2,10,6]
[6,3,16,5]

[5,9,4,8]
[8,1,15,12]
[12,2,10,6]
[6,16,3,5]

[5,9,4,8]
[8,1,15,12]
[12,10,2,6]
[6,3,16,5]

[5,9,4,8]
[8,1,15,12]
[12,10,2,6]
[6,16,3,5]

[5,9,4,8]
[8,15,1,12]
[12,2,10,6]
[6,3,16,5]

[5,9,4,8]
[8,15,1,12]
[12,2,10,6]
[6,16,3,5]

[5,9,4,8]
[8,15,1,12]
[12,10,2,6]
[6,3,16,5]

[5,9,4,8]
[8,15,1,12]
[12,10,2,6]
[6,16,3,5]

[5,9,16,1]
[1,4,15,12]
[12,2,10,3]
[3,6,8,5]

[5,9,16,1]
[1,4,15,12]
[12,2,10,3]
[3,8,6,5]

[5,9,16,1]
[1,4,15,12]
[12,10,2,3]
[3,6,8,5]

[5,9,16,1]
[1,4,15,12]
[12,10,2,3]
[3,8,6,5]

[5,9,16,1]
[1,15,4,12]
[12,2,10,3]
[3,6,8,5]

[5,9,16,1]
[1,15,4,12]
[12,2,10,3]
[3,8,6,5]

[5,9,16,1]
[1,15,4,12]
[12,10,2,3]
[3,6,8,5]

[5,9,16,1]
[1,15,4,12]
[12,10,2,3]
[3,8,6,5]

[5,12,2,7]
[7,8,15,1]
[1,6,10,14]
[14,3,4,5]

[5,12,2,7]
[7,8,15,1]
[1,6,10,14]
[14,4,3,5]

[5,12,2,7]
[7,8,15,1]
[1,10,6,14]
[14,3,4,5]

[5,12,2,7]
[7,8,15,1]
[1,10,6,14]
[14,4,3,5]

[5,12,2,7]
[7,15,8,1]
[1,6,10,14]
[14,3,4,5]

[5,12,2,7]
[7,15,8,1]
[1,6,10,14]
[14,4,3,5]

[5,12,2,7]
[7,15,8,1]
[1,10,6,14]
[14,3,4,5]

[5,12,2,7]
[7,15,8,1]
[1,10,6,14]
[14,4,3,5]

[5,16,3,6]
[6,2,10,12]
[12,1,15,8]
[8,4,9,5]

[5,16,3,6]
[6,2,10,12]
[12,1,15,8]
[8,9,4,5]

[5,16,3,6]
[6,2,10,12]
[12,15,1,8]
[8,4,9,5]

[5,16,3,6]
[6,2,10,12]
[12,15,1,8]
[8,9,4,5]

[5,16,3,6]
[6,10,2,12]
[12,1,15,8]
[8,4,9,5]

[5,16,3,6]
[6,10,2,12]
[12,1,15,8]
[8,9,4,5]

[5,16,3,6]
[6,10,2,12]
[12,15,1,8]
[8,4,9,5]

[5,16,3,6]
[6,10,2,12]
[12,15,1,8]
[8,9,4,5]

[5,16,9,1]
[1,4,15,12]
[12,2,10,3]
[3,6,8,5]

[5,16,9,1]
[1,4,15,12]
[12,2,10,3]
[3,8,6,5]

[5,16,9,1]
[1,4,15,12]
[12,10,2,3]
[3,6,8,5]

[5,16,9,1]
[1,4,15,12]
[12,10,2,3]
[3,8,6,5]

[5,16,9,1]
[1,15,4,12]
[12,2,10,3]
[3,6,8,5]

[5,16,9,1]
[1,15,4,12]
[12,2,10,3]
[3,8,6,5]

[5,16,9,1]
[1,15,4,12]
[12,10,2,3]
[3,6,8,5]

[5,16,9,1]
[1,15,4,12]
[12,10,2,3]
[3,8,6,5]

[6,1,16,15]
[15,2,12,4]
[4,5,9,8]
[8,3,10,6]

[6,1,16,15]
[15,2,12,4]
[4,5,9,8]
[8,10,3,6]

[6,1,16,15]
[15,2,12,4]
[4,9,5,8]
[8,3,10,6]

[6,1,16,15]
[15,2,12,4]
[4,9,5,8]
[8,10,3,6]

[6,1,16,15]
[15,12,2,4]
[4,5,9,8]
[8,3,10,6]

[6,1,16,15]
[15,12,2,4]
[4,5,9,8]
[8,10,3,6]

[6,1,16,15]
[15,12,2,4]
[4,9,5,8]
[8,3,10,6]

[6,1,16,15]
[15,12,2,4]
[4,9,5,8]
[8,10,3,6]

[6,2,10,12]
[12,1,15,8]
[8,4,9,5]
[5,3,16,6]

[6,2,10,12]
[12,1,15,8]
[8,4,9,5]
[5,16,3,6]

[6,2,10,12]
[12,1,15,8]
[8,9,4,5]
[5,3,16,6]

[6,2,10,12]
[12,1,15,8]
[8,9,4,5]
[5,16,3,6]

[6,2,10,12]
[12,15,1,8]
[8,4,9,5]
[5,3,16,6]

[6,2,10,12]
[12,15,1,8]
[8,4,9,5]
[5,16,3,6]

[6,2,10,12]
[12,15,1,8]
[8,9,4,5]
[5,3,16,6]

[6,2,10,12]
[12,15,1,8]
[8,9,4,5]
[5,16,3,6]

[6,3,10,8]
[8,5,9,4]
[4,2,12,15]
[15,1,16,6]

[6,3,10,8]
[8,5,9,4]
[4,2,12,15]
[15,16,1,6]

[6,3,10,8]
[8,5,9,4]
[4,12,2,15]
[15,1,16,6]

[6,3,10,8]
[8,5,9,4]
[4,12,2,15]
[15,16,1,6]

[6,3,10,8]
[8,9,5,4]
[4,2,12,15]
[15,1,16,6]

[6,3,10,8]
[8,9,5,4]
[4,2,12,15]
[15,16,1,6]

[6,3,10,8]
[8,9,5,4]
[4,12,2,15]
[15,1,16,6]

[6,3,10,8]
[8,9,5,4]
[4,12,2,15]
[15,16,1,6]

[6,3,16,5]
[5,4,9,8]
[8,1,15,12]
[12,2,10,6]

[6,3,16,5]
[5,4,9,8]
[8,1,15,12]
[12,10,2,6]

[6,3,16,5]
[5,4,9,8]
[8,15,1,12]
[12,2,10,6]

[6,3,16,5]
[5,4,9,8]
[8,15,1,12]
[12,10,2,6]

[6,3,16,5]
[5,9,4,8]
[8,1,15,12]
[12,2,10,6]

[6,3,16,5]
[5,9,4,8]
[8,1,15,12]
[12,10,2,6]

[6,3,16,5]
[5,9,4,8]
[8,15,1,12]
[12,2,10,6]

[6,3,16,5]
[5,9,4,8]
[8,15,1,12]
[12,10,2,6]

[6,10,2,12]
[12,1,15,8]
[8,4,9,5]
[5,3,16,6]

[6,10,2,12]
[12,1,15,8]
[8,4,9,5]
[5,16,3,6]

[6,10,2,12]
[12,1,15,8]
[8,9,4,5]
[5,3,16,6]

[6,10,2,12]
[12,1,15,8]
[8,9,4,5]
[5,16,3,6]

[6,10,2,12]
[12,15,1,8]
[8,4,9,5]
[5,3,16,6]

[6,10,2,12]
[12,15,1,8]
[8,4,9,5]
[5,16,3,6]

[6,10,2,12]
[12,15,1,8]
[8,9,4,5]
[5,3,16,6]

[6,10,2,12]
[12,15,1,8]
[8,9,4,5]
[5,16,3,6]

[6,10,3,8]
[8,5,9,4]
[4,2,12,15]
[15,1,16,6]

[6,10,3,8]
[8,5,9,4]
[4,2,12,15]
[15,16,1,6]

[6,10,3,8]
[8,5,9,4]
[4,12,2,15]
[15,1,16,6]

[6,10,3,8]
[8,5,9,4]
[4,12,2,15]
[15,16,1,6]

[6,10,3,8]
[8,9,5,4]
[4,2,12,15]
[15,1,16,6]

[6,10,3,8]
[8,9,5,4]
[4,2,12,15]
[15,16,1,6]

[6,10,3,8]
[8,9,5,4]
[4,12,2,15]
[15,1,16,6]

[6,10,3,8]
[8,9,5,4]
[4,12,2,15]
[15,16,1,6]

[6,16,1,15]
[15,2,12,4]
[4,5,9,8]
[8,3,10,6]

[6,16,1,15]
[15,2,12,4]
[4,5,9,8]
[8,10,3,6]

[6,16,1,15]
[15,2,12,4]
[4,9,5,8]
[8,3,10,6]

[6,16,1,15]
[15,2,12,4]
[4,9,5,8]
[8,10,3,6]

[6,16,1,15]
[15,12,2,4]
[4,5,9,8]
[8,3,10,6]

[6,16,1,15]
[15,12,2,4]
[4,5,9,8]
[8,10,3,6]

[6,16,1,15]
[15,12,2,4]
[4,9,5,8]
[8,3,10,6]

[6,16,1,15]
[15,12,2,4]
[4,9,5,8]
[8,10,3,6]

[6,16,3,5]
[5,4,9,8]
[8,1,15,12]
[12,2,10,6]

[6,16,3,5]
[5,4,9,8]
[8,1,15,12]
[12,10,2,6]

[6,16,3,5]
[5,4,9,8]
[8,15,1,12]
[12,2,10,6]

[6,16,3,5]
[5,4,9,8]
[8,15,1,12]
[12,10,2,6]

[6,16,3,5]
[5,9,4,8]
[8,1,15,12]
[12,2,10,6]

[6,16,3,5]
[5,9,4,8]
[8,1,15,12]
[12,10,2,6]

[6,16,3,5]
[5,9,4,8]
[8,15,1,12]
[12,2,10,6]

[6,16,3,5]
[5,9,4,8]
[8,15,1,12]
[12,10,2,6]

[7,2,12,5]
[5,3,4,14]
[14,6,10,1]
[1,8,15,7]

[7,2,12,5]
[5,3,4,14]
[14,6,10,1]
[1,15,8,7]

[7,2,12,5]
[5,3,4,14]
[14,10,6,1]
[1,8,15,7]

[7,2,12,5]
[5,3,4,14]
[14,10,6,1]
[1,15,8,7]

[7,2,12,5]
[5,4,3,14]
[14,6,10,1]
[1,8,15,7]

[7,2,12,5]
[5,4,3,14]
[14,6,10,1]
[1,15,8,7]

[7,2,12,5]
[5,4,3,14]
[14,10,6,1]
[1,8,15,7]

[7,2,12,5]
[5,4,3,14]
[14,10,6,1]
[1,15,8,7]

[7,2,12,10]
[10,3,4,14]
[14,1,15,8]
[8,5,6,7]

[7,2,12,10]
[10,3,4,14]
[14,1,15,8]
[8,6,5,7]

[7,2,12,10]
[10,3,4,14]
[14,15,1,8]
[8,5,6,7]

[7,2,12,10]
[10,3,4,14]
[14,15,1,8]
[8,6,5,7]

[7,2,12,10]
[10,4,3,14]
[14,1,15,8]
[8,5,6,7]

[7,2,12,10]
[10,4,3,14]
[14,1,15,8]
[8,6,5,7]

[7,2,12,10]
[10,4,3,14]
[14,15,1,8]
[8,5,6,7]

[7,2,12,10]
[10,4,3,14]
[14,15,1,8]
[8,6,5,7]

[7,2,15,8]
[8,3,5,14]
[14,1,12,10]
[10,4,6,7]

[7,2,15,8]
[8,3,5,14]
[14,1,12,10]
[10,6,4,7]

[7,2,15,8]
[8,3,5,14]
[14,12,1,10]
[10,4,6,7]

[7,2,15,8]
[8,3,5,14]
[14,12,1,10]
[10,6,4,7]

[7,2,15,8]
[8,5,3,14]
[14,1,12,10]
[10,4,6,7]

[7,2,15,8]
[8,5,3,14]
[14,1,12,10]
[10,6,4,7]

[7,2,15,8]
[8,5,3,14]
[14,12,1,10]
[10,4,6,7]

[7,2,15,8]
[8,5,3,14]
[14,12,1,10]
[10,6,4,7]

[7,3,8,5]
[5,2,6,14]
[14,4,15,1]
[1,10,12,7]

[7,3,8,5]
[5,2,6,14]
[14,4,15,1]
[1,12,10,7]

[7,3,8,5]
[5,2,6,14]
[14,15,4,1]
[1,10,12,7]

[7,3,8,5]
[5,2,6,14]
[14,15,4,1]
[1,12,10,7]

[7,3,8,5]
[5,6,2,14]
[14,4,15,1]
[1,10,12,7]

[7,3,8,5]
[5,6,2,14]
[14,4,15,1]
[1,12,10,7]

[7,3,8,5]
[5,6,2,14]
[14,15,4,1]
[1,10,12,7]

[7,3,8,5]
[5,6,2,14]
[14,15,4,1]
[1,12,10,7]

[7,3,16,10]
[10,2,12,14]
[14,5,6,8]
[8,4,15,7]

[7,3,16,10]
[10,2,12,14]
[14,5,6,8]
[8,15,4,7]

[7,3,16,10]
[10,2,12,14]
[14,6,5,8]
[8,4,15,7]

[7,3,16,10]
[10,2,12,14]
[14,6,5,8]
[8,15,4,7]

[7,3,16,10]
[10,4,6,14]
[14,2,15,8]
[8,5,12,7]

[7,3,16,10]
[10,4,6,14]
[14,2,15,8]
[8,12,5,7]

[7,3,16,10]
[10,4,6,14]
[14,15,2,8]
[8,5,12,7]

[7,3,16,10]
[10,4,6,14]
[14,15,2,8]
[8,12,5,7]

[7,3,16,10]
[10,6,4,14]
[14,2,15,8]
[8,5,12,7]

[7,3,16,10]
[10,6,4,14]
[14,2,15,8]
[8,12,5,7]

[7,3,16,10]
[10,6,4,14]
[14,15,2,8]
[8,5,12,7]

[7,3,16,10]
[10,6,4,14]
[14,15,2,8]
[8,12,5,7]

[7,3,16,10]
[10,12,2,14]
[14,5,6,8]
[8,4,15,7]

[7,3,16,10]
[10,12,2,14]
[14,5,6,8]
[8,15,4,7]

[7,3,16,10]
[10,12,2,14]
[14,6,5,8]
[8,4,15,7]

[7,3,16,10]
[10,12,2,14]
[14,6,5,8]
[8,15,4,7]

[7,4,6,10]
[10,1,12,14]
[14,3,5,8]
[8,2,15,7]

[7,4,6,10]
[10,1,12,14]
[14,3,5,8]
[8,15,2,7]

[7,4,6,10]
[10,1,12,14]
[14,5,3,8]
[8,2,15,7]

[7,4,6,10]
[10,1,12,14]
[14,5,3,8]
[8,15,2,7]

[7,4,6,10]
[10,12,1,14]
[14,3,5,8]
[8,2,15,7]

[7,4,6,10]
[10,12,1,14]
[14,3,5,8]
[8,15,2,7]

[7,4,6,10]
[10,12,1,14]
[14,5,3,8]
[8,2,15,7]

[7,4,6,10]
[10,12,1,14]
[14,5,3,8]
[8,15,2,7]

[7,4,6,15]
[15,1,12,14]
[14,2,10,9]
[9,5,8,7]

[7,4,6,15]
[15,1,12,14]
[14,2,10,9]
[9,8,5,7]

[7,4,6,15]
[15,1,12,14]
[14,10,2,9]
[9,5,8,7]

[7,4,6,15]
[15,1,12,14]
[14,10,2,9]
[9,8,5,7]

[7,4,6,15]
[15,12,1,14]
[14,2,10,9]
[9,5,8,7]

[7,4,6,15]
[15,12,1,14]
[14,2,10,9]
[9,8,5,7]

[7,4,6,15]
[15,12,1,14]
[14,10,2,9]
[9,5,8,7]

[7,4,6,15]
[15,12,1,14]
[14,10,2,9]
[9,8,5,7]

[7,4,12,10]
[10,3,8,14]
[14,1,15,16]
[16,5,6,7]

[7,4,12,10]
[10,3,8,14]
[14,1,15,16]
[16,6,5,7]

[7,4,12,10]
[10,3,8,14]
[14,15,1,16]
[16,5,6,7]

[7,4,12,10]
[10,3,8,14]
[14,15,1,16]
[16,6,5,7]

[7,4,12,10]
[10,8,3,14]
[14,1,15,16]
[16,5,6,7]

[7,4,12,10]
[10,8,3,14]
[14,1,15,16]
[16,6,5,7]

[7,4,12,10]
[10,8,3,14]
[14,15,1,16]
[16,5,6,7]

[7,4,12,10]
[10,8,3,14]
[14,15,1,16]
[16,6,5,7]

[7,4,15,8]
[8,5,6,14]
[14,2,12,10]
[10,3,16,7]

[7,4,15,8]
[8,5,6,14]
[14,2,12,10]
[10,16,3,7]

[7,4,15,8]
[8,5,6,14]
[14,12,2,10]
[10,3,16,7]

[7,4,15,8]
[8,5,6,14]
[14,12,2,10]
[10,16,3,7]

[7,4,15,8]
[8,6,5,14]
[14,2,12,10]
[10,3,16,7]

[7,4,15,8]
[8,6,5,14]
[14,2,12,10]
[10,16,3,7]

[7,4,15,8]
[8,6,5,14]
[14,12,2,10]
[10,3,16,7]

[7,4,15,8]
[8,6,5,14]
[14,12,2,10]
[10,16,3,7]

[7,5,6,8]
[8,1,15,14]
[14,3,4,10]
[10,2,12,7]

[7,5,6,8]
[8,1,15,14]
[14,3,4,10]
[10,12,2,7]

[7,5,6,8]
[8,1,15,14]
[14,4,3,10]
[10,2,12,7]

[7,5,6,8]
[8,1,15,14]
[14,4,3,10]
[10,12,2,7]

[7,5,6,8]
[8,15,1,14]
[14,3,4,10]
[10,2,12,7]

[7,5,6,8]
[8,15,1,14]
[14,3,4,10]
[10,12,2,7]

[7,5,6,8]
[8,15,1,14]
[14,4,3,10]
[10,2,12,7]

[7,5,6,8]
[8,15,1,14]
[14,4,3,10]
[10,12,2,7]

[7,5,6,16]
[16,1,15,14]
[14,3,8,10]
[10,4,12,7]

[7,5,6,16]
[16,1,15,14]
[14,3,8,10]
[10,12,4,7]

[7,5,6,16]
[16,1,15,14]
[14,8,3,10]
[10,4,12,7]

[7,5,6,16]
[16,1,15,14]
[14,8,3,10]
[10,12,4,7]

[7,5,6,16]
[16,15,1,14]
[14,3,8,10]
[10,4,12,7]

[7,5,6,16]
[16,15,1,14]
[14,3,8,10]
[10,12,4,7]

[7,5,6,16]
[16,15,1,14]
[14,8,3,10]
[10,4,12,7]

[7,5,6,16]
[16,15,1,14]
[14,8,3,10]
[10,12,4,7]

[7,5,8,9]
[9,2,10,14]
[14,1,12,15]
[15,4,6,7]

[7,5,8,9]
[9,2,10,14]
[14,1,12,15]
[15,6,4,7]

[7,5,8,9]
[9,2,10,14]
[14,12,1,15]
[15,4,6,7]

[7,5,8,9]
[9,2,10,14]
[14,12,1,15]
[15,6,4,7]

[7,5,8,9]
[9,10,2,14]
[14,1,12,15]
[15,4,6,7]

[7,5,8,9]
[9,10,2,14]
[14,1,12,15]
[15,6,4,7]

[7,5,8,9]
[9,10,2,14]
[14,12,1,15]
[15,4,6,7]

[7,5,8,9]
[9,10,2,14]
[14,12,1,15]
[15,6,4,7]

[7,5,12,8]
[8,2,15,14]
[14,4,6,10]
[10,3,16,7]

[7,5,12,8]
[8,2,15,14]
[14,4,6,10]
[10,16,3,7]

[7,5,12,8]
[8,2,15,14]
[14,6,4,10]
[10,3,16,7]

[7,5,12,8]
[8,2,15,14]
[14,6,4,10]
[10,16,3,7]

[7,5,12,8]
[8,15,2,14]
[14,4,6,10]
[10,3,16,7]

[7,5,12,8]
[8,15,2,14]
[14,4,6,10]
[10,16,3,7]

[7,5,12,8]
[8,15,2,14]
[14,6,4,10]
[10,3,16,7]

[7,5,12,8]
[8,15,2,14]
[14,6,4,10]
[10,16,3,7]

[7,5,16,9]
[9,4,10,14]
[14,2,12,15]
[15,6,8,7]

[7,5,16,9]
[9,4,10,14]
[14,2,12,15]
[15,8,6,7]

[7,5,16,9]
[9,4,10,14]
[14,12,2,15]
[15,6,8,7]

[7,5,16,9]
[9,4,10,14]
[14,12,2,15]
[15,8,6,7]

[7,5,16,9]
[9,10,4,14]
[14,2,12,15]
[15,6,8,7]

[7,5,16,9]
[9,10,4,14]
[14,2,12,15]
[15,8,6,7]

[7,5,16,9]
[9,10,4,14]
[14,12,2,15]
[15,6,8,7]

[7,5,16,9]
[9,10,4,14]
[14,12,2,15]
[15,8,6,7]

[7,6,4,10]
[10,1,12,14]
[14,3,5,8]
[8,2,15,7]

[7,6,4,10]
[10,1,12,14]
[14,3,5,8]
[8,15,2,7]

[7,6,4,10]
[10,1,12,14]
[14,5,3,8]
[8,2,15,7]

[7,6,4,10]
[10,1,12,14]
[14,5,3,8]
[8,15,2,7]

[7,6,4,10]
[10,12,1,14]
[14,3,5,8]
[8,2,15,7]

[7,6,4,10]
[10,12,1,14]
[14,3,5,8]
[8,15,2,7]

[7,6,4,10]
[10,12,1,14]
[14,5,3,8]
[8,2,15,7]

[7,6,4,10]
[10,12,1,14]
[14,5,3,8]
[8,15,2,7]

[7,6,4,15]
[15,1,12,14]
[14,2,10,9]
[9,5,8,7]

[7,6,4,15]
[15,1,12,14]
[14,2,10,9]
[9,8,5,7]

[7,6,4,15]
[15,1,12,14]
[14,10,2,9]
[9,5,8,7]

[7,6,4,15]
[15,1,12,14]
[14,10,2,9]
[9,8,5,7]

[7,6,4,15]
[15,12,1,14]
[14,2,10,9]
[9,5,8,7]

[7,6,4,15]
[15,12,1,14]
[14,2,10,9]
[9,8,5,7]

[7,6,4,15]
[15,12,1,14]
[14,10,2,9]
[9,5,8,7]

[7,6,4,15]
[15,12,1,14]
[14,10,2,9]
[9,8,5,7]

[7,6,5,8]
[8,1,15,14]
[14,3,4,10]
[10,2,12,7]

[7,6,5,8]
[8,1,15,14]
[14,3,4,10]
[10,12,2,7]

[7,6,5,8]
[8,1,15,14]
[14,4,3,10]
[10,2,12,7]

[7,6,5,8]
[8,1,15,14]
[14,4,3,10]
[10,12,2,7]

[7,6,5,8]
[8,15,1,14]
[14,3,4,10]
[10,2,12,7]

[7,6,5,8]
[8,15,1,14]
[14,3,4,10]
[10,12,2,7]

[7,6,5,8]
[8,15,1,14]
[14,4,3,10]
[10,2,12,7]

[7,6,5,8]
[8,15,1,14]
[14,4,3,10]
[10,12,2,7]

[7,6,5,16]
[16,1,15,14]
[14,3,8,10]
[10,4,12,7]

[7,6,5,16]
[16,1,15,14]
[14,3,8,10]
[10,12,4,7]

[7,6,5,16]
[16,1,15,14]
[14,8,3,10]
[10,4,12,7]

[7,6,5,16]
[16,1,15,14]
[14,8,3,10]
[10,12,4,7]

[7,6,5,16]
[16,15,1,14]
[14,3,8,10]
[10,4,12,7]

[7,6,5,16]
[16,15,1,14]
[14,3,8,10]
[10,12,4,7]

[7,6,5,16]
[16,15,1,14]
[14,8,3,10]
[10,4,12,7]

[7,6,5,16]
[16,15,1,14]
[14,8,3,10]
[10,12,4,7]

[7,6,8,15]
[15,2,12,14]
[14,4,10,9]
[9,5,16,7]

[7,6,8,15]
[15,2,12,14]
[14,4,10,9]
[9,16,5,7]

[7,6,8,15]
[15,2,12,14]
[14,10,4,9]
[9,5,16,7]

[7,6,8,15]
[15,2,12,14]
[14,10,4,9]
[9,16,5,7]

[7,6,8,15]
[15,12,2,14]
[14,4,10,9]
[9,5,16,7]

[7,6,8,15]
[15,12,2,14]
[14,4,10,9]
[9,16,5,7]

[7,6,8,15]
[15,12,2,14]
[14,10,4,9]
[9,5,16,7]

[7,6,8,15]
[15,12,2,14]
[14,10,4,9]
[9,16,5,7]

[7,8,3,5]
[5,2,6,14]
[14,4,15,1]
[1,10,12,7]

[7,8,3,5]
[5,2,6,14]
[14,4,15,1]
[1,12,10,7]

[7,8,3,5]
[5,2,6,14]
[14,15,4,1]
[1,10,12,7]

[7,8,3,5]
[5,2,6,14]
[14,15,4,1]
[1,12,10,7]

[7,8,3,5]
[5,6,2,14]
[14,4,15,1]
[1,10,12,7]

[7,8,3,5]
[5,6,2,14]
[14,4,15,1]
[1,12,10,7]

[7,8,3,5]
[5,6,2,14]
[14,15,4,1]
[1,10,12,7]

[7,8,3,5]
[5,6,2,14]
[14,15,4,1]
[1,12,10,7]

[7,8,5,9]
[9,2,10,14]
[14,1,12,15]
[15,4,6,7]

[7,8,5,9]
[9,2,10,14]
[14,1,12,15]
[15,6,4,7]

[7,8,5,9]
[9,2,10,14]
[14,12,1,15]
[15,4,6,7]

[7,8,5,9]
[9,2,10,14]
[14,12,1,15]
[15,6,4,7]

[7,8,5,9]
[9,10,2,14]
[14,1,12,15]
[15,4,6,7]

[7,8,5,9]
[9,10,2,14]
[14,1,12,15]
[15,6,4,7]

[7,8,5,9]
[9,10,2,14]
[14,12,1,15]
[15,4,6,7]

[7,8,5,9]
[9,10,2,14]
[14,12,1,15]
[15,6,4,7]

[7,8,6,15]
[15,2,12,14]
[14,4,10,9]
[9,5,16,7]

[7,8,6,15]
[15,2,12,14]
[14,4,10,9]
[9,16,5,7]

[7,8,6,15]
[15,2,12,14]
[14,10,4,9]
[9,5,16,7]

[7,8,6,15]
[15,2,12,14]
[14,10,4,9]
[9,16,5,7]

[7,8,6,15]
[15,12,2,14]
[14,4,10,9]
[9,5,16,7]

[7,8,6,15]
[15,12,2,14]
[14,4,10,9]
[9,16,5,7]

[7,8,6,15]
[15,12,2,14]
[14,10,4,9]
[9,5,16,7]

[7,8,6,15]
[15,12,2,14]
[14,10,4,9]
[9,16,5,7]

[7,8,15,1]
[1,6,10,14]
[14,3,4,5]
[5,2,12,7]

[7,8,15,1]
[1,6,10,14]
[14,3,4,5]
[5,12,2,7]

[7,8,15,1]
[1,6,10,14]
[14,4,3,5]
[5,2,12,7]

[7,8,15,1]
[1,6,10,14]
[14,4,3,5]
[5,12,2,7]

[7,8,15,1]
[1,10,6,14]
[14,3,4,5]
[5,2,12,7]

[7,8,15,1]
[1,10,6,14]
[14,3,4,5]
[5,12,2,7]

[7,8,15,1]
[1,10,6,14]
[14,4,3,5]
[5,2,12,7]

[7,8,15,1]
[1,10,6,14]
[14,4,3,5]
[5,12,2,7]

[7,10,12,1]
[1,4,15,14]
[14,2,6,5]
[5,3,8,7]

[7,10,12,1]
[1,4,15,14]
[14,2,6,5]
[5,8,3,7]

[7,10,12,1]
[1,4,15,14]
[14,6,2,5]
[5,3,8,7]

[7,10,12,1]
[1,4,15,14]
[14,6,2,5]
[5,8,3,7]

[7,10,12,1]
[1,15,4,14]
[14,2,6,5]
[5,3,8,7]

[7,10,12,1]
[1,15,4,14]
[14,2,6,5]
[5,8,3,7]

[7,10,12,1]
[1,15,4,14]
[14,6,2,5]
[5,3,8,7]

[7,10,12,1]
[1,15,4,14]
[14,6,2,5]
[5,8,3,7]

[7,12,2,5]
[5,3,4,14]
[14,6,10,1]
[1,8,15,7]

[7,12,2,5]
[5,3,4,14]
[14,6,10,1]
[1,15,8,7]

[7,12,2,5]
[5,3,4,14]
[14,10,6,1]
[1,8,15,7]

[7,12,2,5]
[5,3,4,14]
[14,10,6,1]
[1,15,8,7]

[7,12,2,5]
[5,4,3,14]
[14,6,10,1]
[1,8,15,7]

[7,12,2,5]
[5,4,3,14]
[14,6,10,1]
[1,15,8,7]

[7,12,2,5]
[5,4,3,14]
[14,10,6,1]
[1,8,15,7]

[7,12,2,5]
[5,4,3,14]
[14,10,6,1]
[1,15,8,7]

[7,12,2,10]
[10,3,4,14]
[14,1,15,8]
[8,5,6,7]

[7,12,2,10]
[10,3,4,14]
[14,1,15,8]
[8,6,5,7]

[7,12,2,10]
[10,3,4,14]
[14,15,1,8]
[8,5,6,7]

[7,12,2,10]
[10,3,4,14]
[14,15,1,8]
[8,6,5,7]

[7,12,2,10]
[10,4,3,14]
[14,1,15,8]
[8,5,6,7]

[7,12,2,10]
[10,4,3,14]
[14,1,15,8]
[8,6,5,7]

[7,12,2,10]
[10,4,3,14]
[14,15,1,8]
[8,5,6,7]

[7,12,2,10]
[10,4,3,14]
[14,15,1,8]
[8,6,5,7]

[7,12,4,10]
[10,3,8,14]
[14,1,15,16]
[16,5,6,7]

[7,12,4,10]
[10,3,8,14]
[14,1,15,16]
[16,6,5,7]

[7,12,4,10]
[10,3,8,14]
[14,15,1,16]
[16,5,6,7]

[7,12,4,10]
[10,3,8,14]
[14,15,1,16]
[16,6,5,7]

[7,12,4,10]
[10,8,3,14]
[14,1,15,16]
[16,5,6,7]

[7,12,4,10]
[10,8,3,14]
[14,1,15,16]
[16,6,5,7]

[7,12,4,10]
[10,8,3,14]
[14,15,1,16]
[16,5,6,7]

[7,12,4,10]
[10,8,3,14]
[14,15,1,16]
[16,6,5,7]

[7,12,5,8]
[8,2,15,14]
[14,4,6,10]
[10,3,16,7]

[7,12,5,8]
[8,2,15,14]
[14,4,6,10]
[10,16,3,7]

[7,12,5,8]
[8,2,15,14]
[14,6,4,10]
[10,3,16,7]

[7,12,5,8]
[8,2,15,14]
[14,6,4,10]
[10,16,3,7]

[7,12,5,8]
[8,15,2,14]
[14,4,6,10]
[10,3,16,7]

[7,12,5,8]
[8,15,2,14]
[14,4,6,10]
[10,16,3,7]

[7,12,5,8]
[8,15,2,14]
[14,6,4,10]
[10,3,16,7]

[7,12,5,8]
[8,15,2,14]
[14,6,4,10]
[10,16,3,7]

[7,12,10,1]
[1,4,15,14]
[14,2,6,5]
[5,3,8,7]

[7,12,10,1]
[1,4,15,14]
[14,2,6,5]
[5,8,3,7]

[7,12,10,1]
[1,4,15,14]
[14,6,2,5]
[5,3,8,7]

[7,12,10,1]
[1,4,15,14]
[14,6,2,5]
[5,8,3,7]

[7,12,10,1]
[1,15,4,14]
[14,2,6,5]
[5,3,8,7]

[7,12,10,1]
[1,15,4,14]
[14,2,6,5]
[5,8,3,7]

[7,12,10,1]
[1,15,4,14]
[14,6,2,5]
[5,3,8,7]

[7,12,10,1]
[1,15,4,14]
[14,6,2,5]
[5,8,3,7]

[7,15,2,8]
[8,3,5,14]
[14,1,12,10]
[10,4,6,7]

[7,15,2,8]
[8,3,5,14]
[14,1,12,10]
[10,6,4,7]

[7,15,2,8]
[8,3,5,14]
[14,12,1,10]
[10,4,6,7]

[7,15,2,8]
[8,3,5,14]
[14,12,1,10]
[10,6,4,7]

[7,15,2,8]
[8,5,3,14]
[14,1,12,10]
[10,4,6,7]

[7,15,2,8]
[8,5,3,14]
[14,1,12,10]
[10,6,4,7]

[7,15,2,8]
[8,5,3,14]
[14,12,1,10]
[10,4,6,7]

[7,15,2,8]
[8,5,3,14]
[14,12,1,10]
[10,6,4,7]

[7,15,4,8]
[8,5,6,14]
[14,2,12,10]
[10,3,16,7]

[7,15,4,8]
[8,5,6,14]
[14,2,12,10]
[10,16,3,7]

[7,15,4,8]
[8,5,6,14]
[14,12,2,10]
[10,3,16,7]

[7,15,4,8]
[8,5,6,14]
[14,12,2,10]
[10,16,3,7]

[7,15,4,8]
[8,6,5,14]
[14,2,12,10]
[10,3,16,7]

[7,15,4,8]
[8,6,5,14]
[14,2,12,10]
[10,16,3,7]

[7,15,4,8]
[8,6,5,14]
[14,12,2,10]
[10,3,16,7]

[7,15,4,8]
[8,6,5,14]
[14,12,2,10]
[10,16,3,7]

[7,15,8,1]
[1,6,10,14]
[14,3,4,5]
[5,2,12,7]

[7,15,8,1]
[1,6,10,14]
[14,3,4,5]
[5,12,2,7]

[7,15,8,1]
[1,6,10,14]
[14,4,3,5]
[5,2,12,7]

[7,15,8,1]
[1,6,10,14]
[14,4,3,5]
[5,12,2,7]

[7,15,8,1]
[1,10,6,14]
[14,3,4,5]
[5,2,12,7]

[7,15,8,1]
[1,10,6,14]
[14,3,4,5]
[5,12,2,7]

[7,15,8,1]
[1,10,6,14]
[14,4,3,5]
[5,2,12,7]

[7,15,8,1]
[1,10,6,14]
[14,4,3,5]
[5,12,2,7]

[7,16,3,10]
[10,2,12,14]
[14,5,6,8]
[8,4,15,7]

[7,16,3,10]
[10,2,12,14]
[14,5,6,8]
[8,15,4,7]

[7,16,3,10]
[10,2,12,14]
[14,6,5,8]
[8,4,15,7]

[7,16,3,10]
[10,2,12,14]
[14,6,5,8]
[8,15,4,7]

[7,16,3,10]
[10,4,6,14]
[14,2,15,8]
[8,5,12,7]

[7,16,3,10]
[10,4,6,14]
[14,2,15,8]
[8,12,5,7]

[7,16,3,10]
[10,4,6,14]
[14,15,2,8]
[8,5,12,7]

[7,16,3,10]
[10,4,6,14]
[14,15,2,8]
[8,12,5,7]

[7,16,3,10]
[10,6,4,14]
[14,2,15,8]
[8,5,12,7]

[7,16,3,10]
[10,6,4,14]
[14,2,15,8]
[8,12,5,7]

[7,16,3,10]
[10,6,4,14]
[14,15,2,8]
[8,5,12,7]

[7,16,3,10]
[10,6,4,14]
[14,15,2,8]
[8,12,5,7]

[7,16,3,10]
[10,12,2,14]
[14,5,6,8]
[8,4,15,7]

[7,16,3,10]
[10,12,2,14]
[14,5,6,8]
[8,15,4,7]

[7,16,3,10]
[10,12,2,14]
[14,6,5,8]
[8,4,15,7]

[7,16,3,10]
[10,12,2,14]
[14,6,5,8]
[8,15,4,7]

[7,16,5,9]
[9,4,10,14]
[14,2,12,15]
[15,6,8,7]

[7,16,5,9]
[9,4,10,14]
[14,2,12,15]
[15,8,6,7]

[7,16,5,9]
[9,4,10,14]
[14,12,2,15]
[15,6,8,7]

[7,16,5,9]
[9,4,10,14]
[14,12,2,15]
[15,8,6,7]

[7,16,5,9]
[9,10,4,14]
[14,2,12,15]
[15,6,8,7]

[7,16,5,9]
[9,10,4,14]
[14,2,12,15]
[15,8,6,7]

[7,16,5,9]
[9,10,4,14]
[14,12,2,15]
[15,6,8,7]

[7,16,5,9]
[9,10,4,14]
[14,12,2,15]
[15,8,6,7]

[8,1,15,12]
[12,2,10,6]
[6,3,16,5]
[5,4,9,8]

[8,1,15,12]
[12,2,10,6]
[6,3,16,5]
[5,9,4,8]

[8,1,15,12]
[12,2,10,6]
[6,16,3,5]
[5,4,9,8]

[8,1,15,12]
[12,2,10,6]
[6,16,3,5]
[5,9,4,8]

[8,1,15,12]
[12,10,2,6]
[6,3,16,5]
[5,4,9,8]

[8,1,15,12]
[12,10,2,6]
[6,3,16,5]
[5,9,4,8]

[8,1,15,12]
[12,10,2,6]
[6,16,3,5]
[5,4,9,8]

[8,1,15,12]
[12,10,2,6]
[6,16,3,5]
[5,9,4,8]

[8,1,15,14]
[14,3,4,10]
[10,2,12,7]
[7,5,6,8]

[8,1,15,14]
[14,3,4,10]
[10,2,12,7]
[7,6,5,8]

[8,1,15,14]
[14,3,4,10]
[10,12,2,7]
[7,5,6,8]

[8,1,15,14]
[14,3,4,10]
[10,12,2,7]
[7,6,5,8]

[8,1,15,14]
[14,4,3,10]
[10,2,12,7]
[7,5,6,8]

[8,1,15,14]
[14,4,3,10]
[10,2,12,7]
[7,6,5,8]

[8,1,15,14]
[14,4,3,10]
[10,12,2,7]
[7,5,6,8]

[8,1,15,14]
[14,4,3,10]
[10,12,2,7]
[7,6,5,8]

[8,2,15,7]
[7,4,6,10]
[10,1,12,14]
[14,3,5,8]

[8,2,15,7]
[7,4,6,10]
[10,1,12,14]
[14,5,3,8]

[8,2,15,7]
[7,4,6,10]
[10,12,1,14]
[14,3,5,8]

[8,2,15,7]
[7,4,6,10]
[10,12,1,14]
[14,5,3,8]

[8,2,15,7]
[7,6,4,10]
[10,1,12,14]
[14,3,5,8]

[8,2,15,7]
[7,6,4,10]
[10,1,12,14]
[14,5,3,8]

[8,2,15,7]
[7,6,4,10]
[10,12,1,14]
[14,3,5,8]

[8,2,15,7]
[7,6,4,10]
[10,12,1,14]
[14,5,3,8]

[8,2,15,14]
[14,4,6,10]
[10,3,16,7]
[7,5,12,8]

[8,2,15,14]
[14,4,6,10]
[10,3,16,7]
[7,12,5,8]

[8,2,15,14]
[14,4,6,10]
[10,16,3,7]
[7,5,12,8]

[8,2,15,14]
[14,4,6,10]
[10,16,3,7]
[7,12,5,8]

[8,2,15,14]
[14,6,4,10]
[10,3,16,7]
[7,5,12,8]

[8,2,15,14]
[14,6,4,10]
[10,3,16,7]
[7,12,5,8]

[8,2,15,14]
[14,6,4,10]
[10,16,3,7]
[7,5,12,8]

[8,2,15,14]
[14,6,4,10]
[10,16,3,7]
[7,12,5,8]

[8,3,5,14]
[14,1,12,10]
[10,4,6,7]
[7,2,15,8]

[8,3,5,14]
[14,1,12,10]
[10,4,6,7]
[7,15,2,8]

[8,3,5,14]
[14,1,12,10]
[10,6,4,7]
[7,2,15,8]

[8,3,5,14]
[14,1,12,10]
[10,6,4,7]
[7,15,2,8]

[8,3,5,14]
[14,12,1,10]
[10,4,6,7]
[7,2,15,8]

[8,3,5,14]
[14,12,1,10]
[10,4,6,7]
[7,15,2,8]

[8,3,5,14]
[14,12,1,10]
[10,6,4,7]
[7,2,15,8]

[8,3,5,14]
[14,12,1,10]
[10,6,4,7]
[7,15,2,8]

[8,3,10,6]
[6,1,16,15]
[15,2,12,4]
[4,5,9,8]

[8,3,10,6]
[6,1,16,15]
[15,2,12,4]
[4,9,5,8]

[8,3,10,6]
[6,1,16,15]
[15,12,2,4]
[4,5,9,8]

[8,3,10,6]
[6,1,16,15]
[15,12,2,4]
[4,9,5,8]

[8,3,10,6]
[6,16,1,15]
[15,2,12,4]
[4,5,9,8]

[8,3,10,6]
[6,16,1,15]
[15,2,12,4]
[4,9,5,8]

[8,3,10,6]
[6,16,1,15]
[15,12,2,4]
[4,5,9,8]

[8,3,10,6]
[6,16,1,15]
[15,12,2,4]
[4,9,5,8]

[8,4,9,5]
[5,3,16,6]
[6,2,10,12]
[12,1,15,8]

[8,4,9,5]
[5,3,16,6]
[6,2,10,12]
[12,15,1,8]

[8,4,9,5]
[5,3,16,6]
[6,10,2,12]
[12,1,15,8]

[8,4,9,5]
[5,3,16,6]
[6,10,2,12]
[12,15,1,8]

[8,4,9,5]
[5,16,3,6]
[6,2,10,12]
[12,1,15,8]

[8,4,9,5]
[5,16,3,6]
[6,2,10,12]
[12,15,1,8]

[8,4,9,5]
[5,16,3,6]
[6,10,2,12]
[12,1,15,8]

[8,4,9,5]
[5,16,3,6]
[6,10,2,12]
[12,15,1,8]

[8,4,15,7]
[7,3,16,10]
[10,2,12,14]
[14,5,6,8]

[8,4,15,7]
[7,3,16,10]
[10,2,12,14]
[14,6,5,8]

[8,4,15,7]
[7,3,16,10]
[10,12,2,14]
[14,5,6,8]

[8,4,15,7]
[7,3,16,10]
[10,12,2,14]
[14,6,5,8]

[8,4,15,7]
[7,16,3,10]
[10,2,12,14]
[14,5,6,8]

[8,4,15,7]
[7,16,3,10]
[10,2,12,14]
[14,6,5,8]

[8,4,15,7]
[7,16,3,10]
[10,12,2,14]
[14,5,6,8]

[8,4,15,7]
[7,16,3,10]
[10,12,2,14]
[14,6,5,8]

[8,5,3,14]
[14,1,12,10]
[10,4,6,7]
[7,2,15,8]

[8,5,3,14]
[14,1,12,10]
[10,4,6,7]
[7,15,2,8]

[8,5,3,14]
[14,1,12,10]
[10,6,4,7]
[7,2,15,8]

[8,5,3,14]
[14,1,12,10]
[10,6,4,7]
[7,15,2,8]

[8,5,3,14]
[14,12,1,10]
[10,4,6,7]
[7,2,15,8]

[8,5,3,14]
[14,12,1,10]
[10,4,6,7]
[7,15,2,8]

[8,5,3,14]
[14,12,1,10]
[10,6,4,7]
[7,2,15,8]

[8,5,3,14]
[14,12,1,10]
[10,6,4,7]
[7,15,2,8]

[8,5,6,7]
[7,2,12,10]
[10,3,4,14]
[14,1,15,8]

[8,5,6,7]
[7,2,12,10]
[10,3,4,14]
[14,15,1,8]

[8,5,6,7]
[7,2,12,10]
[10,4,3,14]
[14,1,15,8]

[8,5,6,7]
[7,2,12,10]
[10,4,3,14]
[14,15,1,8]

[8,5,6,7]
[7,12,2,10]
[10,3,4,14]
[14,1,15,8]

[8,5,6,7]
[7,12,2,10]
[10,3,4,14]
[14,15,1,8]

[8,5,6,7]
[7,12,2,10]
[10,4,3,14]
[14,1,15,8]

[8,5,6,7]
[7,12,2,10]
[10,4,3,14]
[14,15,1,8]

[8,5,6,14]
[14,2,12,10]
[10,3,16,7]
[7,4,15,8]

[8,5,6,14]
[14,2,12,10]
[10,3,16,7]
[7,15,4,8]

[8,5,6,14]
[14,2,12,10]
[10,16,3,7]
[7,4,15,8]

[8,5,6,14]
[14,2,12,10]
[10,16,3,7]
[7,15,4,8]

[8,5,6,14]
[14,12,2,10]
[10,3,16,7]
[7,4,15,8]

[8,5,6,14]
[14,12,2,10]
[10,3,16,7]
[7,15,4,8]

[8,5,6,14]
[14,12,2,10]
[10,16,3,7]
[7,4,15,8]

[8,5,6,14]
[14,12,2,10]
[10,16,3,7]
[7,15,4,8]

[8,5,9,4]
[4,2,12,15]
[15,1,16,6]
[6,3,10,8]

[8,5,9,4]
[4,2,12,15]
[15,1,16,6]
[6,10,3,8]

[8,5,9,4]
[4,2,12,15]
[15,16,1,6]
[6,3,10,8]

[8,5,9,4]
[4,2,12,15]
[15,16,1,6]
[6,10,3,8]

[8,5,9,4]
[4,12,2,15]
[15,1,16,6]
[6,3,10,8]

[8,5,9,4]
[4,12,2,15]
[15,1,16,6]
[6,10,3,8]

[8,5,9,4]
[4,12,2,15]
[15,16,1,6]
[6,3,10,8]

[8,5,9,4]
[4,12,2,15]
[15,16,1,6]
[6,10,3,8]

[8,5,12,7]
[7,3,16,10]
[10,4,6,14]
[14,2,15,8]

[8,5,12,7]
[7,3,16,10]
[10,4,6,14]
[14,15,2,8]

[8,5,12,7]
[7,3,16,10]
[10,6,4,14]
[14,2,15,8]

[8,5,12,7]
[7,3,16,10]
[10,6,4,14]
[14,15,2,8]

[8,5,12,7]
[7,16,3,10]
[10,4,6,14]
[14,2,15,8]

[8,5,12,7]
[7,16,3,10]
[10,4,6,14]
[14,15,2,8]

[8,5,12,7]
[7,16,3,10]
[10,6,4,14]
[14,2,15,8]

[8,5,12,7]
[7,16,3,10]
[10,6,4,14]
[14,15,2,8]

[8,6,5,7]
[7,2,12,10]
[10,3,4,14]
[14,1,15,8]

[8,6,5,7]
[7,2,12,10]
[10,3,4,14]
[14,15,1,8]

[8,6,5,7]
[7,2,12,10]
[10,4,3,14]
[14,1,15,8]

[8,6,5,7]
[7,2,12,10]
[10,4,3,14]
[14,15,1,8]

[8,6,5,7]
[7,12,2,10]
[10,3,4,14]
[14,1,15,8]

[8,6,5,7]
[7,12,2,10]
[10,3,4,14]
[14,15,1,8]

[8,6,5,7]
[7,12,2,10]
[10,4,3,14]
[14,1,15,8]

[8,6,5,7]
[7,12,2,10]
[10,4,3,14]
[14,15,1,8]

[8,6,5,14]
[14,2,12,10]
[10,3,16,7]
[7,4,15,8]

[8,6,5,14]
[14,2,12,10]
[10,3,16,7]
[7,15,4,8]

[8,6,5,14]
[14,2,12,10]
[10,16,3,7]
[7,4,15,8]

[8,6,5,14]
[14,2,12,10]
[10,16,3,7]
[7,15,4,8]

[8,6,5,14]
[14,12,2,10]
[10,3,16,7]
[7,4,15,8]

[8,6,5,14]
[14,12,2,10]
[10,3,16,7]
[7,15,4,8]

[8,6,5,14]
[14,12,2,10]
[10,16,3,7]
[7,4,15,8]

[8,6,5,14]
[14,12,2,10]
[10,16,3,7]
[7,15,4,8]

[8,9,4,5]
[5,3,16,6]
[6,2,10,12]
[12,1,15,8]

[8,9,4,5]
[5,3,16,6]
[6,2,10,12]
[12,15,1,8]

[8,9,4,5]
[5,3,16,6]
[6,10,2,12]
[12,1,15,8]

[8,9,4,5]
[5,3,16,6]
[6,10,2,12]
[12,15,1,8]

[8,9,4,5]
[5,16,3,6]
[6,2,10,12]
[12,1,15,8]

[8,9,4,5]
[5,16,3,6]
[6,2,10,12]
[12,15,1,8]

[8,9,4,5]
[5,16,3,6]
[6,10,2,12]
[12,1,15,8]

[8,9,4,5]
[5,16,3,6]
[6,10,2,12]
[12,15,1,8]

[8,9,5,4]
[4,2,12,15]
[15,1,16,6]
[6,3,10,8]

[8,9,5,4]
[4,2,12,15]
[15,1,16,6]
[6,10,3,8]

[8,9,5,4]
[4,2,12,15]
[15,16,1,6]
[6,3,10,8]

[8,9,5,4]
[4,2,12,15]
[15,16,1,6]
[6,10,3,8]

[8,9,5,4]
[4,12,2,15]
[15,1,16,6]
[6,3,10,8]

[8,9,5,4]
[4,12,2,15]
[15,1,16,6]
[6,10,3,8]

[8,9,5,4]
[4,12,2,15]
[15,16,1,6]
[6,3,10,8]

[8,9,5,4]
[4,12,2,15]
[15,16,1,6]
[6,10,3,8]

[8,10,3,6]
[6,1,16,15]
[15,2,12,4]
[4,5,9,8]

[8,10,3,6]
[6,1,16,15]
[15,2,12,4]
[4,9,5,8]

[8,10,3,6]
[6,1,16,15]
[15,12,2,4]
[4,5,9,8]

[8,10,3,6]
[6,1,16,15]
[15,12,2,4]
[4,9,5,8]

[8,10,3,6]
[6,16,1,15]
[15,2,12,4]
[4,5,9,8]

[8,10,3,6]
[6,16,1,15]
[15,2,12,4]
[4,9,5,8]

[8,10,3,6]
[6,16,1,15]
[15,12,2,4]
[4,5,9,8]

[8,10,3,6]
[6,16,1,15]
[15,12,2,4]
[4,9,5,8]

[8,12,5,7]
[7,3,16,10]
[10,4,6,14]
[14,2,15,8]

[8,12,5,7]
[7,3,16,10]
[10,4,6,14]
[14,15,2,8]

[8,12,5,7]
[7,3,16,10]
[10,6,4,14]
[14,2,15,8]

[8,12,5,7]
[7,3,16,10]
[10,6,4,14]
[14,15,2,8]

[8,12,5,7]
[7,16,3,10]
[10,4,6,14]
[14,2,15,8]

[8,12,5,7]
[7,16,3,10]
[10,4,6,14]
[14,15,2,8]

[8,12,5,7]
[7,16,3,10]
[10,6,4,14]
[14,2,15,8]

[8,12,5,7]
[7,16,3,10]
[10,6,4,14]
[14,15,2,8]

[8,15,1,12]
[12,2,10,6]
[6,3,16,5]
[5,4,9,8]

[8,15,1,12]
[12,2,10,6]
[6,3,16,5]
[5,9,4,8]

[8,15,1,12]
[12,2,10,6]
[6,16,3,5]
[5,4,9,8]

[8,15,1,12]
[12,2,10,6]
[6,16,3,5]
[5,9,4,8]

[8,15,1,12]
[12,10,2,6]
[6,3,16,5]
[5,4,9,8]

[8,15,1,12]
[12,10,2,6]
[6,3,16,5]
[5,9,4,8]

[8,15,1,12]
[12,10,2,6]
[6,16,3,5]
[5,4,9,8]

[8,15,1,12]
[12,10,2,6]
[6,16,3,5]
[5,9,4,8]

[8,15,1,14]
[14,3,4,10]
[10,2,12,7]
[7,5,6,8]

[8,15,1,14]
[14,3,4,10]
[10,2,12,7]
[7,6,5,8]

[8,15,1,14]
[14,3,4,10]
[10,12,2,7]
[7,5,6,8]

[8,15,1,14]
[14,3,4,10]
[10,12,2,7]
[7,6,5,8]

[8,15,1,14]
[14,4,3,10]
[10,2,12,7]
[7,5,6,8]

[8,15,1,14]
[14,4,3,10]
[10,2,12,7]
[7,6,5,8]

[8,15,1,14]
[14,4,3,10]
[10,12,2,7]
[7,5,6,8]

[8,15,1,14]
[14,4,3,10]
[10,12,2,7]
[7,6,5,8]

[8,15,2,7]
[7,4,6,10]
[10,1,12,14]
[14,3,5,8]

[8,15,2,7]
[7,4,6,10]
[10,1,12,14]
[14,5,3,8]

[8,15,2,7]
[7,4,6,10]
[10,12,1,14]
[14,3,5,8]

[8,15,2,7]
[7,4,6,10]
[10,12,1,14]
[14,5,3,8]

[8,15,2,7]
[7,6,4,10]
[10,1,12,14]
[14,3,5,8]

[8,15,2,7]
[7,6,4,10]
[10,1,12,14]
[14,5,3,8]

[8,15,2,7]
[7,6,4,10]
[10,12,1,14]
[14,3,5,8]

[8,15,2,7]
[7,6,4,10]
[10,12,1,14]
[14,5,3,8]

[8,15,2,14]
[14,4,6,10]
[10,3,16,7]
[7,5,12,8]

[8,15,2,14]
[14,4,6,10]
[10,3,16,7]
[7,12,5,8]

[8,15,2,14]
[14,4,6,10]
[10,16,3,7]
[7,5,12,8]

[8,15,2,14]
[14,4,6,10]
[10,16,3,7]
[7,12,5,8]

[8,15,2,14]
[14,6,4,10]
[10,3,16,7]
[7,5,12,8]

[8,15,2,14]
[14,6,4,10]
[10,3,16,7]
[7,12,5,8]

[8,15,2,14]
[14,6,4,10]
[10,16,3,7]
[7,5,12,8]

[8,15,2,14]
[14,6,4,10]
[10,16,3,7]
[7,12,5,8]

[8,15,4,7]
[7,3,16,10]
[10,2,12,14]
[14,5,6,8]

[8,15,4,7]
[7,3,16,10]
[10,2,12,14]
[14,6,5,8]

[8,15,4,7]
[7,3,16,10]
[10,12,2,14]
[14,5,6,8]

[8,15,4,7]
[7,3,16,10]
[10,12,2,14]
[14,6,5,8]

[8,15,4,7]
[7,16,3,10]
[10,2,12,14]
[14,5,6,8]

[8,15,4,7]
[7,16,3,10]
[10,2,12,14]
[14,6,5,8]

[8,15,4,7]
[7,16,3,10]
[10,12,2,14]
[14,5,6,8]

[8,15,4,7]
[7,16,3,10]
[10,12,2,14]
[14,6,5,8]

[9,2,10,14]
[14,1,12,15]
[15,4,6,7]
[7,5,8,9]

[9,2,10,14]
[14,1,12,15]
[15,4,6,7]
[7,8,5,9]

[9,2,10,14]
[14,1,12,15]
[15,6,4,7]
[7,5,8,9]

[9,2,10,14]
[14,1,12,15]
[15,6,4,7]
[7,8,5,9]

[9,2,10,14]
[14,12,1,15]
[15,4,6,7]
[7,5,8,9]

[9,2,10,14]
[14,12,1,15]
[15,4,6,7]
[7,8,5,9]

[9,2,10,14]
[14,12,1,15]
[15,6,4,7]
[7,5,8,9]

[9,2,10,14]
[14,12,1,15]
[15,6,4,7]
[7,8,5,9]

[9,4,10,14]
[14,2,12,15]
[15,6,8,7]
[7,5,16,9]

[9,4,10,14]
[14,2,12,15]
[15,6,8,7]
[7,16,5,9]

[9,4,10,14]
[14,2,12,15]
[15,8,6,7]
[7,5,16,9]

[9,4,10,14]
[14,2,12,15]
[15,8,6,7]
[7,16,5,9]

[9,4,10,14]
[14,12,2,15]
[15,6,8,7]
[7,5,16,9]

[9,4,10,14]
[14,12,2,15]
[15,6,8,7]
[7,16,5,9]

[9,4,10,14]
[14,12,2,15]
[15,8,6,7]
[7,5,16,9]

[9,4,10,14]
[14,12,2,15]
[15,8,6,7]
[7,16,5,9]

[9,5,8,7]
[7,4,6,15]
[15,1,12,14]
[14,2,10,9]

[9,5,8,7]
[7,4,6,15]
[15,1,12,14]
[14,10,2,9]

[9,5,8,7]
[7,4,6,15]
[15,12,1,14]
[14,2,10,9]

[9,5,8,7]
[7,4,6,15]
[15,12,1,14]
[14,10,2,9]

[9,5,8,7]
[7,6,4,15]
[15,1,12,14]
[14,2,10,9]

[9,5,8,7]
[7,6,4,15]
[15,1,12,14]
[14,10,2,9]

[9,5,8,7]
[7,6,4,15]
[15,12,1,14]
[14,2,10,9]

[9,5,8,7]
[7,6,4,15]
[15,12,1,14]
[14,10,2,9]

[9,5,16,7]
[7,6,8,15]
[15,2,12,14]
[14,4,10,9]

[9,5,16,7]
[7,6,8,15]
[15,2,12,14]
[14,10,4,9]

[9,5,16,7]
[7,6,8,15]
[15,12,2,14]
[14,4,10,9]

[9,5,16,7]
[7,6,8,15]
[15,12,2,14]
[14,10,4,9]

[9,5,16,7]
[7,8,6,15]
[15,2,12,14]
[14,4,10,9]

[9,5,16,7]
[7,8,6,15]
[15,2,12,14]
[14,10,4,9]

[9,5,16,7]
[7,8,6,15]
[15,12,2,14]
[14,4,10,9]

[9,5,16,7]
[7,8,6,15]
[15,12,2,14]
[14,10,4,9]

[9,8,5,7]
[7,4,6,15]
[15,1,12,14]
[14,2,10,9]

[9,8,5,7]
[7,4,6,15]
[15,1,12,14]
[14,10,2,9]

[9,8,5,7]
[7,4,6,15]
[15,12,1,14]
[14,2,10,9]

[9,8,5,7]
[7,4,6,15]
[15,12,1,14]
[14,10,2,9]

[9,8,5,7]
[7,6,4,15]
[15,1,12,14]
[14,2,10,9]

[9,8,5,7]
[7,6,4,15]
[15,1,12,14]
[14,10,2,9]

[9,8,5,7]
[7,6,4,15]
[15,12,1,14]
[14,2,10,9]

[9,8,5,7]
[7,6,4,15]
[15,12,1,14]
[14,10,2,9]

[9,10,2,14]
[14,1,12,15]
[15,4,6,7]
[7,5,8,9]

[9,10,2,14]
[14,1,12,15]
[15,4,6,7]
[7,8,5,9]

[9,10,2,14]
[14,1,12,15]
[15,6,4,7]
[7,5,8,9]

[9,10,2,14]
[14,1,12,15]
[15,6,4,7]
[7,8,5,9]

[9,10,2,14]
[14,12,1,15]
[15,4,6,7]
[7,5,8,9]

[9,10,2,14]
[14,12,1,15]
[15,4,6,7]
[7,8,5,9]

[9,10,2,14]
[14,12,1,15]
[15,6,4,7]
[7,5,8,9]

[9,10,2,14]
[14,12,1,15]
[15,6,4,7]
[7,8,5,9]

[9,10,4,14]
[14,2,12,15]
[15,6,8,7]
[7,5,16,9]

[9,10,4,14]
[14,2,12,15]
[15,6,8,7]
[7,16,5,9]

[9,10,4,14]
[14,2,12,15]
[15,8,6,7]
[7,5,16,9]

[9,10,4,14]
[14,2,12,15]
[15,8,6,7]
[7,16,5,9]

[9,10,4,14]
[14,12,2,15]
[15,6,8,7]
[7,5,16,9]

[9,10,4,14]
[14,12,2,15]
[15,6,8,7]
[7,16,5,9]

[9,10,4,14]
[14,12,2,15]
[15,8,6,7]
[7,5,16,9]

[9,10,4,14]
[14,12,2,15]
[15,8,6,7]
[7,16,5,9]

[9,16,5,7]
[7,6,8,15]
[15,2,12,14]
[14,4,10,9]

[9,16,5,7]
[7,6,8,15]
[15,2,12,14]
[14,10,4,9]

[9,16,5,7]
[7,6,8,15]
[15,12,2,14]
[14,4,10,9]

[9,16,5,7]
[7,6,8,15]
[15,12,2,14]
[14,10,4,9]

[9,16,5,7]
[7,8,6,15]
[15,2,12,14]
[14,4,10,9]

[9,16,5,7]
[7,8,6,15]
[15,2,12,14]
[14,10,4,9]

[9,16,5,7]
[7,8,6,15]
[15,12,2,14]
[14,4,10,9]

[9,16,5,7]
[7,8,6,15]
[15,12,2,14]
[14,10,4,9]

[10,1,12,14]
[14,3,5,8]
[8,2,15,7]
[7,4,6,10]

[10,1,12,14]
[14,3,5,8]
[8,2,15,7]
[7,6,4,10]

[10,1,12,14]
[14,3,5,8]
[8,15,2,7]
[7,4,6,10]

[10,1,12,14]
[14,3,5,8]
[8,15,2,7]
[7,6,4,10]

[10,1,12,14]
[14,5,3,8]
[8,2,15,7]
[7,4,6,10]

[10,1,12,14]
[14,5,3,8]
[8,2,15,7]
[7,6,4,10]

[10,1,12,14]
[14,5,3,8]
[8,15,2,7]
[7,4,6,10]

[10,1,12,14]
[14,5,3,8]
[8,15,2,7]
[7,6,4,10]

[10,2,12,7]
[7,5,6,8]
[8,1,15,14]
[14,3,4,10]

[10,2,12,7]
[7,5,6,8]
[8,1,15,14]
[14,4,3,10]

[10,2,12,7]
[7,5,6,8]
[8,15,1,14]
[14,3,4,10]

[10,2,12,7]
[7,5,6,8]
[8,15,1,14]
[14,4,3,10]

[10,2,12,7]
[7,6,5,8]
[8,1,15,14]
[14,3,4,10]

[10,2,12,7]
[7,6,5,8]
[8,1,15,14]
[14,4,3,10]

[10,2,12,7]
[7,6,5,8]
[8,15,1,14]
[14,3,4,10]

[10,2,12,7]
[7,6,5,8]
[8,15,1,14]
[14,4,3,10]

[10,2,12,14]
[14,5,6,8]
[8,4,15,7]
[7,3,16,10]

[10,2,12,14]
[14,5,6,8]
[8,4,15,7]
[7,16,3,10]

[10,2,12,14]
[14,5,6,8]
[8,15,4,7]
[7,3,16,10]

[10,2,12,14]
[14,5,6,8]
[8,15,4,7]
[7,16,3,10]

[10,2,12,14]
[14,6,5,8]
[8,4,15,7]
[7,3,16,10]

[10,2,12,14]
[14,6,5,8]
[8,4,15,7]
[7,16,3,10]

[10,2,12,14]
[14,6,5,8]
[8,15,4,7]
[7,3,16,10]

[10,2,12,14]
[14,6,5,8]
[8,15,4,7]
[7,16,3,10]

[10,3,4,14]
[14,1,15,8]
[8,5,6,7]
[7,2,12,10]

[10,3,4,14]
[14,1,15,8]
[8,5,6,7]
[7,12,2,10]

[10,3,4,14]
[14,1,15,8]
[8,6,5,7]
[7,2,12,10]

[10,3,4,14]
[14,1,15,8]
[8,6,5,7]
[7,12,2,10]

[10,3,4,14]
[14,15,1,8]
[8,5,6,7]
[7,2,12,10]

[10,3,4,14]
[14,15,1,8]
[8,5,6,7]
[7,12,2,10]

[10,3,4,14]
[14,15,1,8]
[8,6,5,7]
[7,2,12,10]

[10,3,4,14]
[14,15,1,8]
[8,6,5,7]
[7,12,2,10]

[10,3,8,14]
[14,1,15,16]
[16,5,6,7]
[7,4,12,10]

[10,3,8,14]
[14,1,15,16]
[16,5,6,7]
[7,12,4,10]

[10,3,8,14]
[14,1,15,16]
[16,6,5,7]
[7,4,12,10]

[10,3,8,14]
[14,1,15,16]
[16,6,5,7]
[7,12,4,10]

[10,3,8,14]
[14,15,1,16]
[16,5,6,7]
[7,4,12,10]

[10,3,8,14]
[14,15,1,16]
[16,5,6,7]
[7,12,4,10]

[10,3,8,14]
[14,15,1,16]
[16,6,5,7]
[7,4,12,10]

[10,3,8,14]
[14,15,1,16]
[16,6,5,7]
[7,12,4,10]

[10,3,16,7]
[7,4,15,8]
[8,5,6,14]
[14,2,12,10]

[10,3,16,7]
[7,4,15,8]
[8,5,6,14]
[14,12,2,10]

[10,3,16,7]
[7,4,15,8]
[8,6,5,14]
[14,2,12,10]

[10,3,16,7]
[7,4,15,8]
[8,6,5,14]
[14,12,2,10]

[10,3,16,7]
[7,5,12,8]
[8,2,15,14]
[14,4,6,10]

[10,3,16,7]
[7,5,12,8]
[8,2,15,14]
[14,6,4,10]

[10,3,16,7]
[7,5,12,8]
[8,15,2,14]
[14,4,6,10]

[10,3,16,7]
[7,5,12,8]
[8,15,2,14]
[14,6,4,10]

[10,3,16,7]
[7,12,5,8]
[8,2,15,14]
[14,4,6,10]

[10,3,16,7]
[7,12,5,8]
[8,2,15,14]
[14,6,4,10]

[10,3,16,7]
[7,12,5,8]
[8,15,2,14]
[14,4,6,10]

[10,3,16,7]
[7,12,5,8]
[8,15,2,14]
[14,6,4,10]

[10,3,16,7]
[7,15,4,8]
[8,5,6,14]
[14,2,12,10]

[10,3,16,7]
[7,15,4,8]
[8,5,6,14]
[14,12,2,10]

[10,3,16,7]
[7,15,4,8]
[8,6,5,14]
[14,2,12,10]

[10,3,16,7]
[7,15,4,8]
[8,6,5,14]
[14,12,2,10]

[10,4,3,14]
[14,1,15,8]
[8,5,6,7]
[7,2,12,10]

[10,4,3,14]
[14,1,15,8]
[8,5,6,7]
[7,12,2,10]

[10,4,3,14]
[14,1,15,8]
[8,6,5,7]
[7,2,12,10]

[10,4,3,14]
[14,1,15,8]
[8,6,5,7]
[7,12,2,10]

[10,4,3,14]
[14,15,1,8]
[8,5,6,7]
[7,2,12,10]

[10,4,3,14]
[14,15,1,8]
[8,5,6,7]
[7,12,2,10]

[10,4,3,14]
[14,15,1,8]
[8,6,5,7]
[7,2,12,10]

[10,4,3,14]
[14,15,1,8]
[8,6,5,7]
[7,12,2,10]

[10,4,6,7]
[7,2,15,8]
[8,3,5,14]
[14,1,12,10]

[10,4,6,7]
[7,2,15,8]
[8,3,5,14]
[14,12,1,10]

[10,4,6,7]
[7,2,15,8]
[8,5,3,14]
[14,1,12,10]

[10,4,6,7]
[7,2,15,8]
[8,5,3,14]
[14,12,1,10]

[10,4,6,7]
[7,15,2,8]
[8,3,5,14]
[14,1,12,10]

[10,4,6,7]
[7,15,2,8]
[8,3,5,14]
[14,12,1,10]

[10,4,6,7]
[7,15,2,8]
[8,5,3,14]
[14,1,12,10]

[10,4,6,7]
[7,15,2,8]
[8,5,3,14]
[14,12,1,10]

[10,4,6,14]
[14,2,15,8]
[8,5,12,7]
[7,3,16,10]

[10,4,6,14]
[14,2,15,8]
[8,5,12,7]
[7,16,3,10]

[10,4,6,14]
[14,2,15,8]
[8,12,5,7]
[7,3,16,10]

[10,4,6,14]
[14,2,15,8]
[8,12,5,7]
[7,16,3,10]

[10,4,6,14]
[14,15,2,8]
[8,5,12,7]
[7,3,16,10]

[10,4,6,14]
[14,15,2,8]
[8,5,12,7]
[7,16,3,10]

[10,4,6,14]
[14,15,2,8]
[8,12,5,7]
[7,3,16,10]

[10,4,6,14]
[14,15,2,8]
[8,12,5,7]
[7,16,3,10]

[10,4,12,7]
[7,5,6,16]
[16,1,15,14]
[14,3,8,10]

[10,4,12,7]
[7,5,6,16]
[16,1,15,14]
[14,8,3,10]

[10,4,12,7]
[7,5,6,16]
[16,15,1,14]
[14,3,8,10]

[10,4,12,7]
[7,5,6,16]
[16,15,1,14]
[14,8,3,10]

[10,4,12,7]
[7,6,5,16]
[16,1,15,14]
[14,3,8,10]

[10,4,12,7]
[7,6,5,16]
[16,1,15,14]
[14,8,3,10]

[10,4,12,7]
[7,6,5,16]
[16,15,1,14]
[14,3,8,10]

[10,4,12,7]
[7,6,5,16]
[16,15,1,14]
[14,8,3,10]

[10,6,4,7]
[7,2,15,8]
[8,3,5,14]
[14,1,12,10]

[10,6,4,7]
[7,2,15,8]
[8,3,5,14]
[14,12,1,10]

[10,6,4,7]
[7,2,15,8]
[8,5,3,14]
[14,1,12,10]

[10,6,4,7]
[7,2,15,8]
[8,5,3,14]
[14,12,1,10]

[10,6,4,7]
[7,15,2,8]
[8,3,5,14]
[14,1,12,10]

[10,6,4,7]
[7,15,2,8]
[8,3,5,14]
[14,12,1,10]

[10,6,4,7]
[7,15,2,8]
[8,5,3,14]
[14,1,12,10]

[10,6,4,7]
[7,15,2,8]
[8,5,3,14]
[14,12,1,10]

[10,6,4,14]
[14,2,15,8]
[8,5,12,7]
[7,3,16,10]

[10,6,4,14]
[14,2,15,8]
[8,5,12,7]
[7,16,3,10]

[10,6,4,14]
[14,2,15,8]
[8,12,5,7]
[7,3,16,10]

[10,6,4,14]
[14,2,15,8]
[8,12,5,7]
[7,16,3,10]

[10,6,4,14]
[14,15,2,8]
[8,5,12,7]
[7,3,16,10]

[10,6,4,14]
[14,15,2,8]
[8,5,12,7]
[7,16,3,10]

[10,6,4,14]
[14,15,2,8]
[8,12,5,7]
[7,3,16,10]

[10,6,4,14]
[14,15,2,8]
[8,12,5,7]
[7,16,3,10]

[10,8,3,14]
[14,1,15,16]
[16,5,6,7]
[7,4,12,10]

[10,8,3,14]
[14,1,15,16]
[16,5,6,7]
[7,12,4,10]

[10,8,3,14]
[14,1,15,16]
[16,6,5,7]
[7,4,12,10]

[10,8,3,14]
[14,1,15,16]
[16,6,5,7]
[7,12,4,10]

[10,8,3,14]
[14,15,1,16]
[16,5,6,7]
[7,4,12,10]

[10,8,3,14]
[14,15,1,16]
[16,5,6,7]
[7,12,4,10]

[10,8,3,14]
[14,15,1,16]
[16,6,5,7]
[7,4,12,10]

[10,8,3,14]
[14,15,1,16]
[16,6,5,7]
[7,12,4,10]

[10,12,1,14]
[14,3,5,8]
[8,2,15,7]
[7,4,6,10]

[10,12,1,14]
[14,3,5,8]
[8,2,15,7]
[7,6,4,10]

[10,12,1,14]
[14,3,5,8]
[8,15,2,7]
[7,4,6,10]

[10,12,1,14]
[14,3,5,8]
[8,15,2,7]
[7,6,4,10]

[10,12,1,14]
[14,5,3,8]
[8,2,15,7]
[7,4,6,10]

[10,12,1,14]
[14,5,3,8]
[8,2,15,7]
[7,6,4,10]

[10,12,1,14]
[14,5,3,8]
[8,15,2,7]
[7,4,6,10]

[10,12,1,14]
[14,5,3,8]
[8,15,2,7]
[7,6,4,10]

[10,12,2,7]
[7,5,6,8]
[8,1,15,14]
[14,3,4,10]

[10,12,2,7]
[7,5,6,8]
[8,1,15,14]
[14,4,3,10]

[10,12,2,7]
[7,5,6,8]
[8,15,1,14]
[14,3,4,10]

[10,12,2,7]
[7,5,6,8]
[8,15,1,14]
[14,4,3,10]

[10,12,2,7]
[7,6,5,8]
[8,1,15,14]
[14,3,4,10]

[10,12,2,7]
[7,6,5,8]
[8,1,15,14]
[14,4,3,10]

[10,12,2,7]
[7,6,5,8]
[8,15,1,14]
[14,3,4,10]

[10,12,2,7]
[7,6,5,8]
[8,15,1,14]
[14,4,3,10]

[10,12,2,14]
[14,5,6,8]
[8,4,15,7]
[7,3,16,10]

[10,12,2,14]
[14,5,6,8]
[8,4,15,7]
[7,16,3,10]

[10,12,2,14]
[14,5,6,8]
[8,15,4,7]
[7,3,16,10]

[10,12,2,14]
[14,5,6,8]
[8,15,4,7]
[7,16,3,10]

[10,12,2,14]
[14,6,5,8]
[8,4,15,7]
[7,3,16,10]

[10,12,2,14]
[14,6,5,8]
[8,4,15,7]
[7,16,3,10]

[10,12,2,14]
[14,6,5,8]
[8,15,4,7]
[7,3,16,10]

[10,12,2,14]
[14,6,5,8]
[8,15,4,7]
[7,16,3,10]

[10,12,4,7]
[7,5,6,16]
[16,1,15,14]
[14,3,8,10]

[10,12,4,7]
[7,5,6,16]
[16,1,15,14]
[14,8,3,10]

[10,12,4,7]
[7,5,6,16]
[16,15,1,14]
[14,3,8,10]

[10,12,4,7]
[7,5,6,16]
[16,15,1,14]
[14,8,3,10]

[10,12,4,7]
[7,6,5,16]
[16,1,15,14]
[14,3,8,10]

[10,12,4,7]
[7,6,5,16]
[16,1,15,14]
[14,8,3,10]

[10,12,4,7]
[7,6,5,16]
[16,15,1,14]
[14,3,8,10]

[10,12,4,7]
[7,6,5,16]
[16,15,1,14]
[14,8,3,10]

[10,16,3,7]
[7,4,15,8]
[8,5,6,14]
[14,2,12,10]

[10,16,3,7]
[7,4,15,8]
[8,5,6,14]
[14,12,2,10]

[10,16,3,7]
[7,4,15,8]
[8,6,5,14]
[14,2,12,10]

[10,16,3,7]
[7,4,15,8]
[8,6,5,14]
[14,12,2,10]

[10,16,3,7]
[7,5,12,8]
[8,2,15,14]
[14,4,6,10]

[10,16,3,7]
[7,5,12,8]
[8,2,15,14]
[14,6,4,10]

[10,16,3,7]
[7,5,12,8]
[8,15,2,14]
[14,4,6,10]

[10,16,3,7]
[7,5,12,8]
[8,15,2,14]
[14,6,4,10]

[10,16,3,7]
[7,12,5,8]
[8,2,15,14]
[14,4,6,10]

[10,16,3,7]
[7,12,5,8]
[8,2,15,14]
[14,6,4,10]

[10,16,3,7]
[7,12,5,8]
[8,15,2,14]
[14,4,6,10]

[10,16,3,7]
[7,12,5,8]
[8,15,2,14]
[14,6,4,10]

[10,16,3,7]
[7,15,4,8]
[8,5,6,14]
[14,2,12,10]

[10,16,3,7]
[7,15,4,8]
[8,5,6,14]
[14,12,2,10]

[10,16,3,7]
[7,15,4,8]
[8,6,5,14]
[14,2,12,10]

[10,16,3,7]
[7,15,4,8]
[8,6,5,14]
[14,12,2,10]

[12,1,15,8]
[8,4,9,5]
[5,3,16,6]
[6,2,10,12]

[12,1,15,8]
[8,4,9,5]
[5,3,16,6]
[6,10,2,12]

[12,1,15,8]
[8,4,9,5]
[5,16,3,6]
[6,2,10,12]

[12,1,15,8]
[8,4,9,5]
[5,16,3,6]
[6,10,2,12]

[12,1,15,8]
[8,9,4,5]
[5,3,16,6]
[6,2,10,12]

[12,1,15,8]
[8,9,4,5]
[5,3,16,6]
[6,10,2,12]

[12,1,15,8]
[8,9,4,5]
[5,16,3,6]
[6,2,10,12]

[12,1,15,8]
[8,9,4,5]
[5,16,3,6]
[6,10,2,12]

[12,2,10,3]
[3,6,8,5]
[5,9,16,1]
[1,4,15,12]

[12,2,10,3]
[3,6,8,5]
[5,9,16,1]
[1,15,4,12]

[12,2,10,3]
[3,6,8,5]
[5,16,9,1]
[1,4,15,12]

[12,2,10,3]
[3,6,8,5]
[5,16,9,1]
[1,15,4,12]

[12,2,10,3]
[3,8,6,5]
[5,9,16,1]
[1,4,15,12]

[12,2,10,3]
[3,8,6,5]
[5,9,16,1]
[1,15,4,12]

[12,2,10,3]
[3,8,6,5]
[5,16,9,1]
[1,4,15,12]

[12,2,10,3]
[3,8,6,5]
[5,16,9,1]
[1,15,4,12]

[12,2,10,6]
[6,3,16,5]
[5,4,9,8]
[8,1,15,12]

[12,2,10,6]
[6,3,16,5]
[5,4,9,8]
[8,15,1,12]

[12,2,10,6]
[6,3,16,5]
[5,9,4,8]
[8,1,15,12]

[12,2,10,6]
[6,3,16,5]
[5,9,4,8]
[8,15,1,12]

[12,2,10,6]
[6,16,3,5]
[5,4,9,8]
[8,1,15,12]

[12,2,10,6]
[6,16,3,5]
[5,4,9,8]
[8,15,1,12]

[12,2,10,6]
[6,16,3,5]
[5,9,4,8]
[8,1,15,12]

[12,2,10,6]
[6,16,3,5]
[5,9,4,8]
[8,15,1,12]

[12,4,15,1]
[1,9,16,5]
[5,6,8,3]
[3,2,10,12]

[12,4,15,1]
[1,9,16,5]
[5,6,8,3]
[3,10,2,12]

[12,4,15,1]
[1,9,16,5]
[5,8,6,3]
[3,2,10,12]

[12,4,15,1]
[1,9,16,5]
[5,8,6,3]
[3,10,2,12]

[12,4,15,1]
[1,16,9,5]
[5,6,8,3]
[3,2,10,12]

[12,4,15,1]
[1,16,9,5]
[5,6,8,3]
[3,10,2,12]

[12,4,15,1]
[1,16,9,5]
[5,8,6,3]
[3,2,10,12]

[12,4,15,1]
[1,16,9,5]
[5,8,6,3]
[3,10,2,12]

[12,10,2,3]
[3,6,8,5]
[5,9,16,1]
[1,4,15,12]

[12,10,2,3]
[3,6,8,5]
[5,9,16,1]
[1,15,4,12]

[12,10,2,3]
[3,6,8,5]
[5,16,9,1]
[1,4,15,12]

[12,10,2,3]
[3,6,8,5]
[5,16,9,1]
[1,15,4,12]

[12,10,2,3]
[3,8,6,5]
[5,9,16,1]
[1,4,15,12]

[12,10,2,3]
[3,8,6,5]
[5,9,16,1]
[1,15,4,12]

[12,10,2,3]
[3,8,6,5]
[5,16,9,1]
[1,4,15,12]

[12,10,2,3]
[3,8,6,5]
[5,16,9,1]
[1,15,4,12]

[12,10,2,6]
[6,3,16,5]
[5,4,9,8]
[8,1,15,12]

[12,10,2,6]
[6,3,16,5]
[5,4,9,8]
[8,15,1,12]

[12,10,2,6]
[6,3,16,5]
[5,9,4,8]
[8,1,15,12]

[12,10,2,6]
[6,3,16,5]
[5,9,4,8]
[8,15,1,12]

[12,10,2,6]
[6,16,3,5]
[5,4,9,8]
[8,1,15,12]

[12,10,2,6]
[6,16,3,5]
[5,4,9,8]
[8,15,1,12]

[12,10,2,6]
[6,16,3,5]
[5,9,4,8]
[8,1,15,12]

[12,10,2,6]
[6,16,3,5]
[5,9,4,8]
[8,15,1,12]

[12,15,1,8]
[8,4,9,5]
[5,3,16,6]
[6,2,10,12]

[12,15,1,8]
[8,4,9,5]
[5,3,16,6]
[6,10,2,12]

[12,15,1,8]
[8,4,9,5]
[5,16,3,6]
[6,2,10,12]

[12,15,1,8]
[8,4,9,5]
[5,16,3,6]
[6,10,2,12]

[12,15,1,8]
[8,9,4,5]
[5,3,16,6]
[6,2,10,12]

[12,15,1,8]
[8,9,4,5]
[5,3,16,6]
[6,10,2,12]

[12,15,1,8]
[8,9,4,5]
[5,16,3,6]
[6,2,10,12]

[12,15,1,8]
[8,9,4,5]
[5,16,3,6]
[6,10,2,12]

[12,15,4,1]
[1,9,16,5]
[5,6,8,3]
[3,2,10,12]

[12,15,4,1]
[1,9,16,5]
[5,6,8,3]
[3,10,2,12]

[12,15,4,1]
[1,9,16,5]
[5,8,6,3]
[3,2,10,12]

[12,15,4,1]
[1,9,16,5]
[5,8,6,3]
[3,10,2,12]

[12,15,4,1]
[1,16,9,5]
[5,6,8,3]
[3,2,10,12]

[12,15,4,1]
[1,16,9,5]
[5,6,8,3]
[3,10,2,12]

[12,15,4,1]
[1,16,9,5]
[5,8,6,3]
[3,2,10,12]

[12,15,4,1]
[1,16,9,5]
[5,8,6,3]
[3,10,2,12]

[14,1,12,10]
[10,4,6,7]
[7,2,15,8]
[8,3,5,14]

[14,1,12,10]
[10,4,6,7]
[7,2,15,8]
[8,5,3,14]

[14,1,12,10]
[10,4,6,7]
[7,15,2,8]
[8,3,5,14]

[14,1,12,10]
[10,4,6,7]
[7,15,2,8]
[8,5,3,14]

[14,1,12,10]
[10,6,4,7]
[7,2,15,8]
[8,3,5,14]

[14,1,12,10]
[10,6,4,7]
[7,2,15,8]
[8,5,3,14]

[14,1,12,10]
[10,6,4,7]
[7,15,2,8]
[8,3,5,14]

[14,1,12,10]
[10,6,4,7]
[7,15,2,8]
[8,5,3,14]

[14,1,12,15]
[15,4,6,7]
[7,5,8,9]
[9,2,10,14]

[14,1,12,15]
[15,4,6,7]
[7,5,8,9]
[9,10,2,14]

[14,1,12,15]
[15,4,6,7]
[7,8,5,9]
[9,2,10,14]

[14,1,12,15]
[15,4,6,7]
[7,8,5,9]
[9,10,2,14]

[14,1,12,15]
[15,6,4,7]
[7,5,8,9]
[9,2,10,14]

[14,1,12,15]
[15,6,4,7]
[7,5,8,9]
[9,10,2,14]

[14,1,12,15]
[15,6,4,7]
[7,8,5,9]
[9,2,10,14]

[14,1,12,15]
[15,6,4,7]
[7,8,5,9]
[9,10,2,14]

[14,1,15,8]
[8,5,6,7]
[7,2,12,10]
[10,3,4,14]

[14,1,15,8]
[8,5,6,7]
[7,2,12,10]
[10,4,3,14]

[14,1,15,8]
[8,5,6,7]
[7,12,2,10]
[10,3,4,14]

[14,1,15,8]
[8,5,6,7]
[7,12,2,10]
[10,4,3,14]

[14,1,15,8]
[8,6,5,7]
[7,2,12,10]
[10,3,4,14]

[14,1,15,8]
[8,6,5,7]
[7,2,12,10]
[10,4,3,14]

[14,1,15,8]
[8,6,5,7]
[7,12,2,10]
[10,3,4,14]

[14,1,15,8]
[8,6,5,7]
[7,12,2,10]
[10,4,3,14]

[14,1,15,16]
[16,5,6,7]
[7,4,12,10]
[10,3,8,14]

[14,1,15,16]
[16,5,6,7]
[7,4,12,10]
[10,8,3,14]

[14,1,15,16]
[16,5,6,7]
[7,12,4,10]
[10,3,8,14]

[14,1,15,16]
[16,5,6,7]
[7,12,4,10]
[10,8,3,14]

[14,1,15,16]
[16,6,5,7]
[7,4,12,10]
[10,3,8,14]

[14,1,15,16]
[16,6,5,7]
[7,4,12,10]
[10,8,3,14]

[14,1,15,16]
[16,6,5,7]
[7,12,4,10]
[10,3,8,14]

[14,1,15,16]
[16,6,5,7]
[7,12,4,10]
[10,8,3,14]

[14,2,6,5]
[5,3,8,7]
[7,10,12,1]
[1,4,15,14]

[14,2,6,5]
[5,3,8,7]
[7,10,12,1]
[1,15,4,14]

[14,2,6,5]
[5,3,8,7]
[7,12,10,1]
[1,4,15,14]

[14,2,6,5]
[5,3,8,7]
[7,12,10,1]
[1,15,4,14]

[14,2,6,5]
[5,8,3,7]
[7,10,12,1]
[1,4,15,14]

[14,2,6,5]
[5,8,3,7]
[7,10,12,1]
[1,15,4,14]

[14,2,6,5]
[5,8,3,7]
[7,12,10,1]
[1,4,15,14]

[14,2,6,5]
[5,8,3,7]
[7,12,10,1]
[1,15,4,14]

[14,2,10,9]
[9,5,8,7]
[7,4,6,15]
[15,1,12,14]

[14,2,10,9]
[9,5,8,7]
[7,4,6,15]
[15,12,1,14]

[14,2,10,9]
[9,5,8,7]
[7,6,4,15]
[15,1,12,14]

[14,2,10,9]
[9,5,8,7]
[7,6,4,15]
[15,12,1,14]

[14,2,10,9]
[9,8,5,7]
[7,4,6,15]
[15,1,12,14]

[14,2,10,9]
[9,8,5,7]
[7,4,6,15]
[15,12,1,14]

[14,2,10,9]
[9,8,5,7]
[7,6,4,15]
[15,1,12,14]

[14,2,10,9]
[9,8,5,7]
[7,6,4,15]
[15,12,1,14]

[14,2,12,10]
[10,3,16,7]
[7,4,15,8]
[8,5,6,14]

[14,2,12,10]
[10,3,16,7]
[7,4,15,8]
[8,6,5,14]

[14,2,12,10]
[10,3,16,7]
[7,15,4,8]
[8,5,6,14]

[14,2,12,10]
[10,3,16,7]
[7,15,4,8]
[8,6,5,14]

[14,2,12,10]
[10,16,3,7]
[7,4,15,8]
[8,5,6,14]

[14,2,12,10]
[10,16,3,7]
[7,4,15,8]
[8,6,5,14]

[14,2,12,10]
[10,16,3,7]
[7,15,4,8]
[8,5,6,14]

[14,2,12,10]
[10,16,3,7]
[7,15,4,8]
[8,6,5,14]

[14,2,12,15]
[15,6,8,7]
[7,5,16,9]
[9,4,10,14]

[14,2,12,15]
[15,6,8,7]
[7,5,16,9]
[9,10,4,14]

[14,2,12,15]
[15,6,8,7]
[7,16,5,9]
[9,4,10,14]

[14,2,12,15]
[15,6,8,7]
[7,16,5,9]
[9,10,4,14]

[14,2,12,15]
[15,8,6,7]
[7,5,16,9]
[9,4,10,14]

[14,2,12,15]
[15,8,6,7]
[7,5,16,9]
[9,10,4,14]

[14,2,12,15]
[15,8,6,7]
[7,16,5,9]
[9,4,10,14]

[14,2,12,15]
[15,8,6,7]
[7,16,5,9]
[9,10,4,14]

[14,2,15,8]
[8,5,12,7]
[7,3,16,10]
[10,4,6,14]

[14,2,15,8]
[8,5,12,7]
[7,3,16,10]
[10,6,4,14]

[14,2,15,8]
[8,5,12,7]
[7,16,3,10]
[10,4,6,14]

[14,2,15,8]
[8,5,12,7]
[7,16,3,10]
[10,6,4,14]

[14,2,15,8]
[8,12,5,7]
[7,3,16,10]
[10,4,6,14]

[14,2,15,8]
[8,12,5,7]
[7,3,16,10]
[10,6,4,14]

[14,2,15,8]
[8,12,5,7]
[7,16,3,10]
[10,4,6,14]

[14,2,15,8]
[8,12,5,7]
[7,16,3,10]
[10,6,4,14]

[14,3,4,5]
[5,2,12,7]
[7,8,15,1]
[1,6,10,14]

[14,3,4,5]
[5,2,12,7]
[7,8,15,1]
[1,10,6,14]

[14,3,4,5]
[5,2,12,7]
[7,15,8,1]
[1,6,10,14]

[14,3,4,5]
[5,2,12,7]
[7,15,8,1]
[1,10,6,14]

[14,3,4,5]
[5,12,2,7]
[7,8,15,1]
[1,6,10,14]

[14,3,4,5]
[5,12,2,7]
[7,8,15,1]
[1,10,6,14]

[14,3,4,5]
[5,12,2,7]
[7,15,8,1]
[1,6,10,14]

[14,3,4,5]
[5,12,2,7]
[7,15,8,1]
[1,10,6,14]

[14,3,4,10]
[10,2,12,7]
[7,5,6,8]
[8,1,15,14]

[14,3,4,10]
[10,2,12,7]
[7,5,6,8]
[8,15,1,14]

[14,3,4,10]
[10,2,12,7]
[7,6,5,8]
[8,1,15,14]

[14,3,4,10]
[10,2,12,7]
[7,6,5,8]
[8,15,1,14]

[14,3,4,10]
[10,12,2,7]
[7,5,6,8]
[8,1,15,14]

[14,3,4,10]
[10,12,2,7]
[7,5,6,8]
[8,15,1,14]

[14,3,4,10]
[10,12,2,7]
[7,6,5,8]
[8,1,15,14]

[14,3,4,10]
[10,12,2,7]
[7,6,5,8]
[8,15,1,14]

[14,3,5,8]
[8,2,15,7]
[7,4,6,10]
[10,1,12,14]

[14,3,5,8]
[8,2,15,7]
[7,4,6,10]
[10,12,1,14]

[14,3,5,8]
[8,2,15,7]
[7,6,4,10]
[10,1,12,14]

[14,3,5,8]
[8,2,15,7]
[7,6,4,10]
[10,12,1,14]

[14,3,5,8]
[8,15,2,7]
[7,4,6,10]
[10,1,12,14]

[14,3,5,8]
[8,15,2,7]
[7,4,6,10]
[10,12,1,14]

[14,3,5,8]
[8,15,2,7]
[7,6,4,10]
[10,1,12,14]

[14,3,5,8]
[8,15,2,7]
[7,6,4,10]
[10,12,1,14]

[14,3,8,10]
[10,4,12,7]
[7,5,6,16]
[16,1,15,14]

[14,3,8,10]
[10,4,12,7]
[7,5,6,16]
[16,15,1,14]

[14,3,8,10]
[10,4,12,7]
[7,6,5,16]
[16,1,15,14]

[14,3,8,10]
[10,4,12,7]
[7,6,5,16]
[16,15,1,14]

[14,3,8,10]
[10,12,4,7]
[7,5,6,16]
[16,1,15,14]

[14,3,8,10]
[10,12,4,7]
[7,5,6,16]
[16,15,1,14]

[14,3,8,10]
[10,12,4,7]
[7,6,5,16]
[16,1,15,14]

[14,3,8,10]
[10,12,4,7]
[7,6,5,16]
[16,15,1,14]

[14,4,3,5]
[5,2,12,7]
[7,8,15,1]
[1,6,10,14]

[14,4,3,5]
[5,2,12,7]
[7,8,15,1]
[1,10,6,14]

[14,4,3,5]
[5,2,12,7]
[7,15,8,1]
[1,6,10,14]

[14,4,3,5]
[5,2,12,7]
[7,15,8,1]
[1,10,6,14]

[14,4,3,5]
[5,12,2,7]
[7,8,15,1]
[1,6,10,14]

[14,4,3,5]
[5,12,2,7]
[7,8,15,1]
[1,10,6,14]

[14,4,3,5]
[5,12,2,7]
[7,15,8,1]
[1,6,10,14]

[14,4,3,5]
[5,12,2,7]
[7,15,8,1]
[1,10,6,14]

[14,4,3,10]
[10,2,12,7]
[7,5,6,8]
[8,1,15,14]

[14,4,3,10]
[10,2,12,7]
[7,5,6,8]
[8,15,1,14]

[14,4,3,10]
[10,2,12,7]
[7,6,5,8]
[8,1,15,14]

[14,4,3,10]
[10,2,12,7]
[7,6,5,8]
[8,15,1,14]

[14,4,3,10]
[10,12,2,7]
[7,5,6,8]
[8,1,15,14]

[14,4,3,10]
[10,12,2,7]
[7,5,6,8]
[8,15,1,14]

[14,4,3,10]
[10,12,2,7]
[7,6,5,8]
[8,1,15,14]

[14,4,3,10]
[10,12,2,7]
[7,6,5,8]
[8,15,1,14]

[14,4,6,10]
[10,3,16,7]
[7,5,12,8]
[8,2,15,14]

[14,4,6,10]
[10,3,16,7]
[7,5,12,8]
[8,15,2,14]

[14,4,6,10]
[10,3,16,7]
[7,12,5,8]
[8,2,15,14]

[14,4,6,10]
[10,3,16,7]
[7,12,5,8]
[8,15,2,14]

[14,4,6,10]
[10,16,3,7]
[7,5,12,8]
[8,2,15,14]

[14,4,6,10]
[10,16,3,7]
[7,5,12,8]
[8,15,2,14]

[14,4,6,10]
[10,16,3,7]
[7,12,5,8]
[8,2,15,14]

[14,4,6,10]
[10,16,3,7]
[7,12,5,8]
[8,15,2,14]

[14,4,10,9]
[9,5,16,7]
[7,6,8,15]
[15,2,12,14]

[14,4,10,9]
[9,5,16,7]
[7,6,8,15]
[15,12,2,14]

[14,4,10,9]
[9,5,16,7]
[7,8,6,15]
[15,2,12,14]

[14,4,10,9]
[9,5,16,7]
[7,8,6,15]
[15,12,2,14]

[14,4,10,9]
[9,16,5,7]
[7,6,8,15]
[15,2,12,14]

[14,4,10,9]
[9,16,5,7]
[7,6,8,15]
[15,12,2,14]

[14,4,10,9]
[9,16,5,7]
[7,8,6,15]
[15,2,12,14]

[14,4,10,9]
[9,16,5,7]
[7,8,6,15]
[15,12,2,14]

[14,4,15,1]
[1,10,12,7]
[7,3,8,5]
[5,2,6,14]

[14,4,15,1]
[1,10,12,7]
[7,3,8,5]
[5,6,2,14]

[14,4,15,1]
[1,10,12,7]
[7,8,3,5]
[5,2,6,14]

[14,4,15,1]
[1,10,12,7]
[7,8,3,5]
[5,6,2,14]

[14,4,15,1]
[1,12,10,7]
[7,3,8,5]
[5,2,6,14]

[14,4,15,1]
[1,12,10,7]
[7,3,8,5]
[5,6,2,14]

[14,4,15,1]
[1,12,10,7]
[7,8,3,5]
[5,2,6,14]

[14,4,15,1]
[1,12,10,7]
[7,8,3,5]
[5,6,2,14]

[14,5,3,8]
[8,2,15,7]
[7,4,6,10]
[10,1,12,14]

[14,5,3,8]
[8,2,15,7]
[7,4,6,10]
[10,12,1,14]

[14,5,3,8]
[8,2,15,7]
[7,6,4,10]
[10,1,12,14]

[14,5,3,8]
[8,2,15,7]
[7,6,4,10]
[10,12,1,14]

[14,5,3,8]
[8,15,2,7]
[7,4,6,10]
[10,1,12,14]

[14,5,3,8]
[8,15,2,7]
[7,4,6,10]
[10,12,1,14]

[14,5,3,8]
[8,15,2,7]
[7,6,4,10]
[10,1,12,14]

[14,5,3,8]
[8,15,2,7]
[7,6,4,10]
[10,12,1,14]

[14,5,6,8]
[8,4,15,7]
[7,3,16,10]
[10,2,12,14]

[14,5,6,8]
[8,4,15,7]
[7,3,16,10]
[10,12,2,14]

[14,5,6,8]
[8,4,15,7]
[7,16,3,10]
[10,2,12,14]

[14,5,6,8]
[8,4,15,7]
[7,16,3,10]
[10,12,2,14]

[14,5,6,8]
[8,15,4,7]
[7,3,16,10]
[10,2,12,14]

[14,5,6,8]
[8,15,4,7]
[7,3,16,10]
[10,12,2,14]

[14,5,6,8]
[8,15,4,7]
[7,16,3,10]
[10,2,12,14]

[14,5,6,8]
[8,15,4,7]
[7,16,3,10]
[10,12,2,14]

[14,6,2,5]
[5,3,8,7]
[7,10,12,1]
[1,4,15,14]

[14,6,2,5]
[5,3,8,7]
[7,10,12,1]
[1,15,4,14]

[14,6,2,5]
[5,3,8,7]
[7,12,10,1]
[1,4,15,14]

[14,6,2,5]
[5,3,8,7]
[7,12,10,1]
[1,15,4,14]

[14,6,2,5]
[5,8,3,7]
[7,10,12,1]
[1,4,15,14]

[14,6,2,5]
[5,8,3,7]
[7,10,12,1]
[1,15,4,14]

[14,6,2,5]
[5,8,3,7]
[7,12,10,1]
[1,4,15,14]

[14,6,2,5]
[5,8,3,7]
[7,12,10,1]
[1,15,4,14]

[14,6,4,10]
[10,3,16,7]
[7,5,12,8]
[8,2,15,14]

[14,6,4,10]
[10,3,16,7]
[7,5,12,8]
[8,15,2,14]

[14,6,4,10]
[10,3,16,7]
[7,12,5,8]
[8,2,15,14]

[14,6,4,10]
[10,3,16,7]
[7,12,5,8]
[8,15,2,14]

[14,6,4,10]
[10,16,3,7]
[7,5,12,8]
[8,2,15,14]

[14,6,4,10]
[10,16,3,7]
[7,5,12,8]
[8,15,2,14]

[14,6,4,10]
[10,16,3,7]
[7,12,5,8]
[8,2,15,14]

[14,6,4,10]
[10,16,3,7]
[7,12,5,8]
[8,15,2,14]

[14,6,5,8]
[8,4,15,7]
[7,3,16,10]
[10,2,12,14]

[14,6,5,8]
[8,4,15,7]
[7,3,16,10]
[10,12,2,14]

[14,6,5,8]
[8,4,15,7]
[7,16,3,10]
[10,2,12,14]

[14,6,5,8]
[8,4,15,7]
[7,16,3,10]
[10,12,2,14]

[14,6,5,8]
[8,15,4,7]
[7,3,16,10]
[10,2,12,14]

[14,6,5,8]
[8,15,4,7]
[7,3,16,10]
[10,12,2,14]

[14,6,5,8]
[8,15,4,7]
[7,16,3,10]
[10,2,12,14]

[14,6,5,8]
[8,15,4,7]
[7,16,3,10]
[10,12,2,14]

[14,6,10,1]
[1,8,15,7]
[7,2,12,5]
[5,3,4,14]

[14,6,10,1]
[1,8,15,7]
[7,2,12,5]
[5,4,3,14]

[14,6,10,1]
[1,8,15,7]
[7,12,2,5]
[5,3,4,14]

[14,6,10,1]
[1,8,15,7]
[7,12,2,5]
[5,4,3,14]

[14,6,10,1]
[1,15,8,7]
[7,2,12,5]
[5,3,4,14]

[14,6,10,1]
[1,15,8,7]
[7,2,12,5]
[5,4,3,14]

[14,6,10,1]
[1,15,8,7]
[7,12,2,5]
[5,3,4,14]

[14,6,10,1]
[1,15,8,7]
[7,12,2,5]
[5,4,3,14]

[14,8,3,10]
[10,4,12,7]
[7,5,6,16]
[16,1,15,14]

[14,8,3,10]
[10,4,12,7]
[7,5,6,16]
[16,15,1,14]

[14,8,3,10]
[10,4,12,7]
[7,6,5,16]
[16,1,15,14]

[14,8,3,10]
[10,4,12,7]
[7,6,5,16]
[16,15,1,14]

[14,8,3,10]
[10,12,4,7]
[7,5,6,16]
[16,1,15,14]

[14,8,3,10]
[10,12,4,7]
[7,5,6,16]
[16,15,1,14]

[14,8,3,10]
[10,12,4,7]
[7,6,5,16]
[16,1,15,14]

[14,8,3,10]
[10,12,4,7]
[7,6,5,16]
[16,15,1,14]

[14,10,2,9]
[9,5,8,7]
[7,4,6,15]
[15,1,12,14]

[14,10,2,9]
[9,5,8,7]
[7,4,6,15]
[15,12,1,14]

[14,10,2,9]
[9,5,8,7]
[7,6,4,15]
[15,1,12,14]

[14,10,2,9]
[9,5,8,7]
[7,6,4,15]
[15,12,1,14]

[14,10,2,9]
[9,8,5,7]
[7,4,6,15]
[15,1,12,14]

[14,10,2,9]
[9,8,5,7]
[7,4,6,15]
[15,12,1,14]

[14,10,2,9]
[9,8,5,7]
[7,6,4,15]
[15,1,12,14]

[14,10,2,9]
[9,8,5,7]
[7,6,4,15]
[15,12,1,14]

[14,10,4,9]
[9,5,16,7]
[7,6,8,15]
[15,2,12,14]

[14,10,4,9]
[9,5,16,7]
[7,6,8,15]
[15,12,2,14]

[14,10,4,9]
[9,5,16,7]
[7,8,6,15]
[15,2,12,14]

[14,10,4,9]
[9,5,16,7]
[7,8,6,15]
[15,12,2,14]

[14,10,4,9]
[9,16,5,7]
[7,6,8,15]
[15,2,12,14]

[14,10,4,9]
[9,16,5,7]
[7,6,8,15]
[15,12,2,14]

[14,10,4,9]
[9,16,5,7]
[7,8,6,15]
[15,2,12,14]

[14,10,4,9]
[9,16,5,7]
[7,8,6,15]
[15,12,2,14]

[14,10,6,1]
[1,8,15,7]
[7,2,12,5]
[5,3,4,14]

[14,10,6,1]
[1,8,15,7]
[7,2,12,5]
[5,4,3,14]

[14,10,6,1]
[1,8,15,7]
[7,12,2,5]
[5,3,4,14]

[14,10,6,1]
[1,8,15,7]
[7,12,2,5]
[5,4,3,14]

[14,10,6,1]
[1,15,8,7]
[7,2,12,5]
[5,3,4,14]

[14,10,6,1]
[1,15,8,7]
[7,2,12,5]
[5,4,3,14]

[14,10,6,1]
[1,15,8,7]
[7,12,2,5]
[5,3,4,14]

[14,10,6,1]
[1,15,8,7]
[7,12,2,5]
[5,4,3,14]

[14,12,1,10]
[10,4,6,7]
[7,2,15,8]
[8,3,5,14]

[14,12,1,10]
[10,4,6,7]
[7,2,15,8]
[8,5,3,14]

[14,12,1,10]
[10,4,6,7]
[7,15,2,8]
[8,3,5,14]

[14,12,1,10]
[10,4,6,7]
[7,15,2,8]
[8,5,3,14]

[14,12,1,10]
[10,6,4,7]
[7,2,15,8]
[8,3,5,14]

[14,12,1,10]
[10,6,4,7]
[7,2,15,8]
[8,5,3,14]

[14,12,1,10]
[10,6,4,7]
[7,15,2,8]
[8,3,5,14]

[14,12,1,10]
[10,6,4,7]
[7,15,2,8]
[8,5,3,14]

[14,12,1,15]
[15,4,6,7]
[7,5,8,9]
[9,2,10,14]

[14,12,1,15]
[15,4,6,7]
[7,5,8,9]
[9,10,2,14]

[14,12,1,15]
[15,4,6,7]
[7,8,5,9]
[9,2,10,14]

[14,12,1,15]
[15,4,6,7]
[7,8,5,9]
[9,10,2,14]

[14,12,1,15]
[15,6,4,7]
[7,5,8,9]
[9,2,10,14]

[14,12,1,15]
[15,6,4,7]
[7,5,8,9]
[9,10,2,14]

[14,12,1,15]
[15,6,4,7]
[7,8,5,9]
[9,2,10,14]

[14,12,1,15]
[15,6,4,7]
[7,8,5,9]
[9,10,2,14]

[14,12,2,10]
[10,3,16,7]
[7,4,15,8]
[8,5,6,14]

[14,12,2,10]
[10,3,16,7]
[7,4,15,8]
[8,6,5,14]

[14,12,2,10]
[10,3,16,7]
[7,15,4,8]
[8,5,6,14]

[14,12,2,10]
[10,3,16,7]
[7,15,4,8]
[8,6,5,14]

[14,12,2,10]
[10,16,3,7]
[7,4,15,8]
[8,5,6,14]

[14,12,2,10]
[10,16,3,7]
[7,4,15,8]
[8,6,5,14]

[14,12,2,10]
[10,16,3,7]
[7,15,4,8]
[8,5,6,14]

[14,12,2,10]
[10,16,3,7]
[7,15,4,8]
[8,6,5,14]

[14,12,2,15]
[15,6,8,7]
[7,5,16,9]
[9,4,10,14]

[14,12,2,15]
[15,6,8,7]
[7,5,16,9]
[9,10,4,14]

[14,12,2,15]
[15,6,8,7]
[7,16,5,9]
[9,4,10,14]

[14,12,2,15]
[15,6,8,7]
[7,16,5,9]
[9,10,4,14]

[14,12,2,15]
[15,8,6,7]
[7,5,16,9]
[9,4,10,14]

[14,12,2,15]
[15,8,6,7]
[7,5,16,9]
[9,10,4,14]

[14,12,2,15]
[15,8,6,7]
[7,16,5,9]
[9,4,10,14]

[14,12,2,15]
[15,8,6,7]
[7,16,5,9]
[9,10,4,14]

[14,15,1,8]
[8,5,6,7]
[7,2,12,10]
[10,3,4,14]

[14,15,1,8]
[8,5,6,7]
[7,2,12,10]
[10,4,3,14]

[14,15,1,8]
[8,5,6,7]
[7,12,2,10]
[10,3,4,14]

[14,15,1,8]
[8,5,6,7]
[7,12,2,10]
[10,4,3,14]

[14,15,1,8]
[8,6,5,7]
[7,2,12,10]
[10,3,4,14]

[14,15,1,8]
[8,6,5,7]
[7,2,12,10]
[10,4,3,14]

[14,15,1,8]
[8,6,5,7]
[7,12,2,10]
[10,3,4,14]

[14,15,1,8]
[8,6,5,7]
[7,12,2,10]
[10,4,3,14]

[14,15,1,16]
[16,5,6,7]
[7,4,12,10]
[10,3,8,14]

[14,15,1,16]
[16,5,6,7]
[7,4,12,10]
[10,8,3,14]

[14,15,1,16]
[16,5,6,7]
[7,12,4,10]
[10,3,8,14]

[14,15,1,16]
[16,5,6,7]
[7,12,4,10]
[10,8,3,14]

[14,15,1,16]
[16,6,5,7]
[7,4,12,10]
[10,3,8,14]

[14,15,1,16]
[16,6,5,7]
[7,4,12,10]
[10,8,3,14]

[14,15,1,16]
[16,6,5,7]
[7,12,4,10]
[10,3,8,14]

[14,15,1,16]
[16,6,5,7]
[7,12,4,10]
[10,8,3,14]

[14,15,2,8]
[8,5,12,7]
[7,3,16,10]
[10,4,6,14]

[14,15,2,8]
[8,5,12,7]
[7,3,16,10]
[10,6,4,14]

[14,15,2,8]
[8,5,12,7]
[7,16,3,10]
[10,4,6,14]

[14,15,2,8]
[8,5,12,7]
[7,16,3,10]
[10,6,4,14]

[14,15,2,8]
[8,12,5,7]
[7,3,16,10]
[10,4,6,14]

[14,15,2,8]
[8,12,5,7]
[7,3,16,10]
[10,6,4,14]

[14,15,2,8]
[8,12,5,7]
[7,16,3,10]
[10,4,6,14]

[14,15,2,8]
[8,12,5,7]
[7,16,3,10]
[10,6,4,14]

[14,15,4,1]
[1,10,12,7]
[7,3,8,5]
[5,2,6,14]

[14,15,4,1]
[1,10,12,7]
[7,3,8,5]
[5,6,2,14]

[14,15,4,1]
[1,10,12,7]
[7,8,3,5]
[5,2,6,14]

[14,15,4,1]
[1,10,12,7]
[7,8,3,5]
[5,6,2,14]

[14,15,4,1]
[1,12,10,7]
[7,3,8,5]
[5,2,6,14]

[14,15,4,1]
[1,12,10,7]
[7,3,8,5]
[5,6,2,14]

[14,15,4,1]
[1,12,10,7]
[7,8,3,5]
[5,2,6,14]

[14,15,4,1]
[1,12,10,7]
[7,8,3,5]
[5,6,2,14]

[15,1,12,14]
[14,2,10,9]
[9,5,8,7]
[7,4,6,15]

[15,1,12,14]
[14,2,10,9]
[9,5,8,7]
[7,6,4,15]

[15,1,12,14]
[14,2,10,9]
[9,8,5,7]
[7,4,6,15]

[15,1,12,14]
[14,2,10,9]
[9,8,5,7]
[7,6,4,15]

[15,1,12,14]
[14,10,2,9]
[9,5,8,7]
[7,4,6,15]

[15,1,12,14]
[14,10,2,9]
[9,5,8,7]
[7,6,4,15]

[15,1,12,14]
[14,10,2,9]
[9,8,5,7]
[7,4,6,15]

[15,1,12,14]
[14,10,2,9]
[9,8,5,7]
[7,6,4,15]

[15,1,16,6]
[6,3,10,8]
[8,5,9,4]
[4,2,12,15]

[15,1,16,6]
[6,3,10,8]
[8,5,9,4]
[4,12,2,15]

[15,1,16,6]
[6,3,10,8]
[8,9,5,4]
[4,2,12,15]

[15,1,16,6]
[6,3,10,8]
[8,9,5,4]
[4,12,2,15]

[15,1,16,6]
[6,10,3,8]
[8,5,9,4]
[4,2,12,15]

[15,1,16,6]
[6,10,3,8]
[8,5,9,4]
[4,12,2,15]

[15,1,16,6]
[6,10,3,8]
[8,9,5,4]
[4,2,12,15]

[15,1,16,6]
[6,10,3,8]
[8,9,5,4]
[4,12,2,15]

[15,2,12,4]
[4,5,9,8]
[8,3,10,6]
[6,1,16,15]

[15,2,12,4]
[4,5,9,8]
[8,3,10,6]
[6,16,1,15]

[15,2,12,4]
[4,5,9,8]
[8,10,3,6]
[6,1,16,15]

[15,2,12,4]
[4,5,9,8]
[8,10,3,6]
[6,16,1,15]

[15,2,12,4]
[4,9,5,8]
[8,3,10,6]
[6,1,16,15]

[15,2,12,4]
[4,9,5,8]
[8,3,10,6]
[6,16,1,15]

[15,2,12,4]
[4,9,5,8]
[8,10,3,6]
[6,1,16,15]

[15,2,12,4]
[4,9,5,8]
[8,10,3,6]
[6,16,1,15]

[15,2,12,14]
[14,4,10,9]
[9,5,16,7]
[7,6,8,15]

[15,2,12,14]
[14,4,10,9]
[9,5,16,7]
[7,8,6,15]

[15,2,12,14]
[14,4,10,9]
[9,16,5,7]
[7,6,8,15]

[15,2,12,14]
[14,4,10,9]
[9,16,5,7]
[7,8,6,15]

[15,2,12,14]
[14,10,4,9]
[9,5,16,7]
[7,6,8,15]

[15,2,12,14]
[14,10,4,9]
[9,5,16,7]
[7,8,6,15]

[15,2,12,14]
[14,10,4,9]
[9,16,5,7]
[7,6,8,15]

[15,2,12,14]
[14,10,4,9]
[9,16,5,7]
[7,8,6,15]

[15,4,6,7]
[7,5,8,9]
[9,2,10,14]
[14,1,12,15]

[15,4,6,7]
[7,5,8,9]
[9,2,10,14]
[14,12,1,15]

[15,4,6,7]
[7,5,8,9]
[9,10,2,14]
[14,1,12,15]

[15,4,6,7]
[7,5,8,9]
[9,10,2,14]
[14,12,1,15]

[15,4,6,7]
[7,8,5,9]
[9,2,10,14]
[14,1,12,15]

[15,4,6,7]
[7,8,5,9]
[9,2,10,14]
[14,12,1,15]

[15,4,6,7]
[7,8,5,9]
[9,10,2,14]
[14,1,12,15]

[15,4,6,7]
[7,8,5,9]
[9,10,2,14]
[14,12,1,15]

[15,6,4,7]
[7,5,8,9]
[9,2,10,14]
[14,1,12,15]

[15,6,4,7]
[7,5,8,9]
[9,2,10,14]
[14,12,1,15]

[15,6,4,7]
[7,5,8,9]
[9,10,2,14]
[14,1,12,15]

[15,6,4,7]
[7,5,8,9]
[9,10,2,14]
[14,12,1,15]

[15,6,4,7]
[7,8,5,9]
[9,2,10,14]
[14,1,12,15]

[15,6,4,7]
[7,8,5,9]
[9,2,10,14]
[14,12,1,15]

[15,6,4,7]
[7,8,5,9]
[9,10,2,14]
[14,1,12,15]

[15,6,4,7]
[7,8,5,9]
[9,10,2,14]
[14,12,1,15]

[15,6,8,7]
[7,5,16,9]
[9,4,10,14]
[14,2,12,15]

[15,6,8,7]
[7,5,16,9]
[9,4,10,14]
[14,12,2,15]

[15,6,8,7]
[7,5,16,9]
[9,10,4,14]
[14,2,12,15]

[15,6,8,7]
[7,5,16,9]
[9,10,4,14]
[14,12,2,15]

[15,6,8,7]
[7,16,5,9]
[9,4,10,14]
[14,2,12,15]

[15,6,8,7]
[7,16,5,9]
[9,4,10,14]
[14,12,2,15]

[15,6,8,7]
[7,16,5,9]
[9,10,4,14]
[14,2,12,15]

[15,6,8,7]
[7,16,5,9]
[9,10,4,14]
[14,12,2,15]

[15,8,6,7]
[7,5,16,9]
[9,4,10,14]
[14,2,12,15]

[15,8,6,7]
[7,5,16,9]
[9,4,10,14]
[14,12,2,15]

[15,8,6,7]
[7,5,16,9]
[9,10,4,14]
[14,2,12,15]

[15,8,6,7]
[7,5,16,9]
[9,10,4,14]
[14,12,2,15]

[15,8,6,7]
[7,16,5,9]
[9,4,10,14]
[14,2,12,15]

[15,8,6,7]
[7,16,5,9]
[9,4,10,14]
[14,12,2,15]

[15,8,6,7]
[7,16,5,9]
[9,10,4,14]
[14,2,12,15]

[15,8,6,7]
[7,16,5,9]
[9,10,4,14]
[14,12,2,15]

[15,12,1,14]
[14,2,10,9]
[9,5,8,7]
[7,4,6,15]

[15,12,1,14]
[14,2,10,9]
[9,5,8,7]
[7,6,4,15]

[15,12,1,14]
[14,2,10,9]
[9,8,5,7]
[7,4,6,15]

[15,12,1,14]
[14,2,10,9]
[9,8,5,7]
[7,6,4,15]

[15,12,1,14]
[14,10,2,9]
[9,5,8,7]
[7,4,6,15]

[15,12,1,14]
[14,10,2,9]
[9,5,8,7]
[7,6,4,15]

[15,12,1,14]
[14,10,2,9]
[9,8,5,7]
[7,4,6,15]

[15,12,1,14]
[14,10,2,9]
[9,8,5,7]
[7,6,4,15]

[15,12,2,4]
[4,5,9,8]
[8,3,10,6]
[6,1,16,15]

[15,12,2,4]
[4,5,9,8]
[8,3,10,6]
[6,16,1,15]

[15,12,2,4]
[4,5,9,8]
[8,10,3,6]
[6,1,16,15]

[15,12,2,4]
[4,5,9,8]
[8,10,3,6]
[6,16,1,15]

[15,12,2,4]
[4,9,5,8]
[8,3,10,6]
[6,1,16,15]

[15,12,2,4]
[4,9,5,8]
[8,3,10,6]
[6,16,1,15]

[15,12,2,4]
[4,9,5,8]
[8,10,3,6]
[6,1,16,15]

[15,12,2,4]
[4,9,5,8]
[8,10,3,6]
[6,16,1,15]

[15,12,2,14]
[14,4,10,9]
[9,5,16,7]
[7,6,8,15]

[15,12,2,14]
[14,4,10,9]
[9,5,16,7]
[7,8,6,15]

[15,12,2,14]
[14,4,10,9]
[9,16,5,7]
[7,6,8,15]

[15,12,2,14]
[14,4,10,9]
[9,16,5,7]
[7,8,6,15]

[15,12,2,14]
[14,10,4,9]
[9,5,16,7]
[7,6,8,15]

[15,12,2,14]
[14,10,4,9]
[9,5,16,7]
[7,8,6,15]

[15,12,2,14]
[14,10,4,9]
[9,16,5,7]
[7,6,8,15]

[15,12,2,14]
[14,10,4,9]
[9,16,5,7]
[7,8,6,15]

[15,16,1,6]
[6,3,10,8]
[8,5,9,4]
[4,2,12,15]

[15,16,1,6]
[6,3,10,8]
[8,5,9,4]
[4,12,2,15]

[15,16,1,6]
[6,3,10,8]
[8,9,5,4]
[4,2,12,15]

[15,16,1,6]
[6,3,10,8]
[8,9,5,4]
[4,12,2,15]

[15,16,1,6]
[6,10,3,8]
[8,5,9,4]
[4,2,12,15]

[15,16,1,6]
[6,10,3,8]
[8,5,9,4]
[4,12,2,15]

[15,16,1,6]
[6,10,3,8]
[8,9,5,4]
[4,2,12,15]

[15,16,1,6]
[6,10,3,8]
[8,9,5,4]
[4,12,2,15]

[16,1,15,14]
[14,3,8,10]
[10,4,12,7]
[7,5,6,16]

[16,1,15,14]
[14,3,8,10]
[10,4,12,7]
[7,6,5,16]

[16,1,15,14]
[14,3,8,10]
[10,12,4,7]
[7,5,6,16]

[16,1,15,14]
[14,3,8,10]
[10,12,4,7]
[7,6,5,16]

[16,1,15,14]
[14,8,3,10]
[10,4,12,7]
[7,5,6,16]

[16,1,15,14]
[14,8,3,10]
[10,4,12,7]
[7,6,5,16]

[16,1,15,14]
[14,8,3,10]
[10,12,4,7]
[7,5,6,16]

[16,1,15,14]
[14,8,3,10]
[10,12,4,7]
[7,6,5,16]

[16,5,6,7]
[7,4,12,10]
[10,3,8,14]
[14,1,15,16]

[16,5,6,7]
[7,4,12,10]
[10,3,8,14]
[14,15,1,16]

[16,5,6,7]
[7,4,12,10]
[10,8,3,14]
[14,1,15,16]

[16,5,6,7]
[7,4,12,10]
[10,8,3,14]
[14,15,1,16]

[16,5,6,7]
[7,12,4,10]
[10,3,8,14]
[14,1,15,16]

[16,5,6,7]
[7,12,4,10]
[10,3,8,14]
[14,15,1,16]

[16,5,6,7]
[7,12,4,10]
[10,8,3,14]
[14,1,15,16]

[16,5,6,7]
[7,12,4,10]
[10,8,3,14]
[14,15,1,16]

[16,6,5,7]
[7,4,12,10]
[10,3,8,14]
[14,1,15,16]

[16,6,5,7]
[7,4,12,10]
[10,3,8,14]
[14,15,1,16]

[16,6,5,7]
[7,4,12,10]
[10,8,3,14]
[14,1,15,16]

[16,6,5,7]
[7,4,12,10]
[10,8,3,14]
[14,15,1,16]

[16,6,5,7]
[7,12,4,10]
[10,3,8,14]
[14,1,15,16]

[16,6,5,7]
[7,12,4,10]
[10,3,8,14]
[14,15,1,16]

[16,6,5,7]
[7,12,4,10]
[10,8,3,14]
[14,1,15,16]

[16,6,5,7]
[7,12,4,10]
[10,8,3,14]
[14,15,1,16]

[16,15,1,14]
[14,3,8,10]
[10,4,12,7]
[7,5,6,16]

[16,15,1,14]
[14,3,8,10]
[10,4,12,7]
[7,6,5,16]

[16,15,1,14]
[14,3,8,10]
[10,12,4,7]
[7,5,6,16]

[16,15,1,14]
[14,3,8,10]
[10,12,4,7]
[7,6,5,16]

[16,15,1,14]
[14,8,3,10]
[10,4,12,7]
[7,5,6,16]

[16,15,1,14]
[14,8,3,10]
[10,4,12,7]
[7,6,5,16]

[16,15,1,14]
[14,8,3,10]
[10,12,4,7]
[7,5,6,16]

[16,15,1,14]
[14,8,3,10]
[10,12,4,7]
[7,6,5,16]

there are 1536 polygon puzzle solutions
