for polygons with 5 vertices with 3 values in [1..16] on their sides
the polygon puzzle solutions are 
[1,12,10]
[10,2,6]
[6,4,5]
[5,3,8]
[8,15,1]

[1,15,8]
[8,3,5]
[5,4,6]
[6,2,10]
[10,12,1]

[2,6,15]
[15,1,12]
[12,3,5]
[5,4,9]
[9,10,2]

[2,8,15]
[15,1,16]
[16,3,5]
[5,4,12]
[12,10,2]

[2,10,9]
[9,4,5]
[5,3,12]
[12,1,15]
[15,6,2]

[2,10,12]
[12,4,5]
[5,3,16]
[16,1,15]
[15,8,2]

[5,3,8]
[8,15,1]
[1,12,10]
[10,2,6]
[6,4,5]

[5,3,12]
[12,1,15]
[15,6,2]
[2,10,9]
[9,4,5]

[5,3,16]
[16,1,15]
[15,8,2]
[2,10,12]
[12,4,5]

[5,4,6]
[6,2,10]
[10,12,1]
[1,15,8]
[8,3,5]

[5,4,9]
[9,10,2]
[2,6,15]
[15,1,12]
[12,3,5]

[5,4,12]
[12,10,2]
[2,8,15]
[15,1,16]
[16,3,5]

[6,2,10]
[10,12,1]
[1,15,8]
[8,3,5]
[5,4,6]

[6,4,5]
[5,3,8]
[8,15,1]
[1,12,10]
[10,2,6]

[8,3,5]
[5,4,6]
[6,2,10]
[10,12,1]
[1,15,8]

[8,15,1]
[1,12,10]
[10,2,6]
[6,4,5]
[5,3,8]

[9,4,5]
[5,3,12]
[12,1,15]
[15,6,2]
[2,10,9]

[9,5,16]
[16,3,15]
[15,4,12]
[12,6,10]
[10,8,9]

[9,8,10]
[10,6,12]
[12,4,15]
[15,3,16]
[16,5,9]

[9,10,2]
[2,6,15]
[15,1,12]
[12,3,5]
[5,4,9]

[10,2,6]
[6,4,5]
[5,3,8]
[8,15,1]
[1,12,10]

[10,6,12]
[12,4,15]
[15,3,16]
[16,5,9]
[9,8,10]

[10,8,9]
[9,5,16]
[16,3,15]
[15,4,12]
[12,6,10]

[10,12,1]
[1,15,8]
[8,3,5]
[5,4,6]
[6,2,10]

[12,1,15]
[15,6,2]
[2,10,9]
[9,4,5]
[5,3,12]

[12,3,5]
[5,4,9]
[9,10,2]
[2,6,15]
[15,1,12]

[12,4,5]
[5,3,16]
[16,1,15]
[15,8,2]
[2,10,12]

[12,4,15]
[15,3,16]
[16,5,9]
[9,8,10]
[10,6,12]

[12,6,10]
[10,8,9]
[9,5,16]
[16,3,15]
[15,4,12]

[12,10,2]
[2,8,15]
[15,1,16]
[16,3,5]
[5,4,12]

[15,1,12]
[12,3,5]
[5,4,9]
[9,10,2]
[2,6,15]

[15,1,16]
[16,3,5]
[5,4,12]
[12,10,2]
[2,8,15]

[15,3,16]
[16,5,9]
[9,8,10]
[10,6,12]
[12,4,15]

[15,4,12]
[12,6,10]
[10,8,9]
[9,5,16]
[16,3,15]

[15,6,2]
[2,10,9]
[9,4,5]
[5,3,12]
[12,1,15]

[15,8,2]
[2,10,12]
[12,4,5]
[5,3,16]
[16,1,15]

[16,1,15]
[15,8,2]
[2,10,12]
[12,4,5]
[5,3,16]

[16,3,5]
[5,4,12]
[12,10,2]
[2,8,15]
[15,1,16]

[16,3,15]
[15,4,12]
[12,6,10]
[10,8,9]
[9,5,16]

[16,5,9]
[9,8,10]
[10,6,12]
[12,4,15]
[15,3,16]

there are 40 polygon puzzle solutions
